2501023
2507868
2510560
2517857
2519808
2524649
2525125
2526317
2526328
2532631
2533502
2533844
2540358
2541969
2542680
2543199
2544003
2545660
2547399
2547932
2549618
2551877
2556320
2557332
2558531
2560126
2565365
2566834
2567199
2567319
2570502
2571302
2575088
2575190
2575978
2578266
2579893
2582895
2587067
2587745
2588510
2590321
2591228
2591904
2595012
2595714
2595866
2595900
2597984
2598896
2500096
2500250
2500301
2500346
2500410
2500456
2500487
2500615
2500620
2500723
2500806
2501031
2501040
2501098
2501249
2501273
2501556
2501706
2501871
2501993
2502054
2502112
2502198
2502207
2502224
2502281
2502330
2502385
2502408
2502543
2502584
2502674
2502687
2502776
2502875
2502883
2503020
2503094
2503103
2503360
2503413
2503593
2503664
2503716
2503827
2503896
2503963
2504017
2504028
2504061
2504089
2504151
2504222
2504395
2504441
2504594
2504869
2504979
2505044
2505195
2505394
2505699
2505769
2505774
2505807
2505824
2505848
2505863
2505881
2505951
2506025
2506120
2506244
2506755
2506854
2506921
2506995
2507092
2507148
2507279
2507342
2507509
2507526
2507630
2507708
2507766
2507771
2507843
2507913
2507946
2507978
2508007
2508402
2508416
2508477
2508495
2508971
2508982
2509361
2509419
2509448
2509463
2509546
2509580
2509637
2509718
2509727
2509749
2509864
2509942
2510264
2510417
2510532
2510544
2510604
2510821
2511110
2511397
2511413
2511545
2511743
2512108
2512133
2512159
2512226
2512244
2512283
2512449
2512512
2512598
2512689
2512790
2513049
2513117
2513277
2513313
2513322
2513410
2513442
2513487
2513608
2513647
2513659
2513682
2513723
2513786
2513798
2513909
2513926
2513932
2514019
2514072
2514081
2514090
2514188
2514274
2514323
2514331
2514398
2514562
2514697
2514722
2514778
2514861
2514889
2514920
2515046
2515054
2515078
2515224
2515263
2515281
2515625
2515691
2515728
2515745
2515793
2516028
2516254
2516350
2516395
2516406
2516429
2516465
2516624
2516663
2516672
2516709
2516931
2516986
2517021
2517132
2517300
2517463
2517546
2517823
2517987
2518032
2518075
2518217
2518293
2518359
2518405
2518464
2518506
2518514
2518592
2518680
2518699
2518881
2519023
2519040
2519154
2519230
2519251
2519444
2519538
2519621
2519639
2519677
2519737
2519788
2519866
2519900
2519928
2519961
2520036
2520192
2520402
2520450
2520468
2520518
2520585
2520626
2520701
2520767
2520799
2520920
2520994
2521080
2521157
2521186
2521198
2521248
2521304
2521385
2521471
2521568
2521656
2521761
2521858
2521929
2522086
2522178
2522251
2522296
2522363
2522409
2522426
2522483
2522616
2522643
2522650
2522729
2522871
2522917
2522934
2522945
2522952
2522989
2522993
2523032
2523102
2523116
2523195
2523217
2523565
2523667
2523680
2523863
2523881
2523918
2523927
2523985
2524124
2524223
2524264
2524303
2524310
2524511
2524618
2524662
2524720
2524733
2524766
2524839
2524946
2525059
2525094
2525169
2525311
2525326
2525478
2525750
2525795
2525818
2526016
2526043
2526077
2526095
2526158
2526208
2526345
2526389
2526393
2526606
2526831
2526864
2526879
2526910
2526925
2527028
2527196
2527280
2527429
2527594
2527607
2527732
2527758
2527783
2527891
2527912
2527940
2528073
2528085
2528128
2528176
2528243
2528268
2528524
2528572
2528694
2528757
2528779
2528892
2528960
2528975
2529147
2529159
2529244
2529258
2529485
2529531
2529645
2529689
2529763
2529772
2529867
2529921
2529977
2530009
2530011
2530060
2530150
2530217
2530315
2530486
2530565
2530836
2530855
2530890
2530951
2531025
2531042
2531171
2531260
2531314
2531388
2531404
2531427
2531496
2531586
2531598
2531661
2531676
2531693
2531880
2531916
2532059
2532071
2532237
2532265
2532446
2532499
2532784
2532818
2532830
2532907
2532948
2532955
2533224
2533290
2533539
2533734
2533745
2533752
2533929
2533988
2534095
2534294
2534300
2534317
2534328
2534463
2534472
2534578
2534599
2534688
2534718
2534805
2534857
2534938
2534942
2534969
2535018
2535128
2535134
2535295
2535403
2535555
2535633
2535723
2535764
2535798
2535837
2535888
2535997
2536031
2536135
2536199
2536251
2536285
2536319
2536355
2536411
2536460
2536503
2536525
2536591
2536677
2536737
2536753
2536770
2536820
2536871
2537036
2537129
2537291
2537340
2537364
2537421
2537439
2537484
2537518
2537551
2537644
2537658
2537675
2537817
2537828
2537852
2537908
2537915
2537933
2537947
2538092
2538231
2538240
2538325
2538445
2538544
2538913
2539000
2539045
2539118
2539127
2539185
2539316
2539437
2539453
2539559
2539619
2539744
2539803
2539869
2540008
2540059
2540094
2540309
2540311
2540401
2540631
2540716
2540795
2540818
2540851
2540936
2540948
2541050
2541077
2541084
2541160
2541259
2541282
2541472
2541567
2541599
2541857
2541879
2541886
2541903
2542032
2542097
2542289
2542293
2542366
2542405
2542431
2542479
2542514
2542537
2542588
2542592
2542601
2542646
2542774
2542819
2542824
2542863
2543005
2543079
2543146
2543230
2543285
2543296
2543411
2543483
2543510
2543538
2543729
2543741
2543765
2543770
2543808
2543993
2544038
2544120
2544166
2544258
2544260
2544314
2544628
2544902
2544916
2544977
2545019
2545055
2545312
2545323
2545357
2545421
2545439
2545530
2545562
2545735
2545828
2545852
2546035
2546219
2546248
2546447
2546471
2546494
2546539
2546577
2546595
2546603
2546752
2546832
2546860
2546875
2547073
2547117
2547221
2547295
2547354
2547524
2547536
2547892
2547958
2547983
2548052
2548061
2548076
2548118
2548127
2548196
2548302
2548321
2548690
2548905
2549014
2549070
2549264
2549286
2549374
2549434
2549476
2549597
2549708
2549759
2549868
2549946
2550031
2550079
2550086
2550098
2550199
2550204
2550227
2550319
2550372
2550409
2550460
2550556
2550591
2550602
2550643
2550714
2550753
2550833
2550866
2550917
2551053
2551065
2551107
2551124
2551279
2551298
2551342
2551391
2551428
2551489
2551544
2551558
2551597
2551685
2551715
2551901
2551922
2551967
2551978
2552153
2552165
2552210
2552225
2552274
2552379
2552402
2552443
2552518
2552573
2552767
2552933
2552982
2553039
2553050
2553300
2553317
2553352
2553463
2553614
2553812
2553831
2553938
2554001
2554013
2554054
2554078
2554415
2554433
2554482
2554521
2554937
2554988
2555000
2555034
2555045
2555052
2555149
2555162
2555185
2555246
2555414
2555453
2555648
2555803
2555912
2555957
2555986
2556102
2556150
2556234
2556252
2556479
2556541
2556678
2556703
2556710
2556756
2556863
2556904
2556951
2556962
2557138
2557191
2557358
2557401
2557435
2557480
2557593
2557640
2557716
2557743
2557907
2558025
2558042
2558147
2558182
2558209
2558260
2558579
2558689
2558719
2558902
2558939
2558943
2559049
2559145
2559243
2559313
2559403
2559442
2559507
2559590
2559853
2559865
2559909
2559926
2559960
2560002
2560021
2560158
2560345
2560376
2560463
2560490
2560554
2560606
2560653
2560692
2560831
2560879
2561096
2561216
2561313
2561346
2561491
2561507
2561548
2561555
2561563
2561764
2561837
2561960
2562017
2562280
2562339
2562395
2562672
2562887
2563163
2563212
2563356
2563461
2563575
2563685
2563766
2563821
2563884
2563935
2564308
2564405
2564464
2564498
2564537
2564588
2564613
2564635
2564738
2564819
2564855
2564872
2564904
2564930
2565025
2565159
2565232
2565283
2565329
2565451
2565600
2565755
2565854
2565899
2566048
2566443
2566585
2566596
2566632
2566817
2566861
2566920
2567005
2567031
2567178
2567262
2567285
2567390
2567426
2567538
2567616
2567706
2567737
2567866
2568123
2568131
2568179
2568327
2568330
2568539
2568603
2568674
2568832
2568897
2568937
2569020
2569047
2569138
2569292
2569358
2569360
2569454
2569534
2569849
2569873
2569972
2570054
2570123
2570272
2570290
2570373
2570638
2570789
2570937
2570953
2571052
2571151
2571201
2571213
2571316
2571350
2571441
2571515
2571533
2571663
2571709
2571760
2571775
2571887
2572027
2572134
2572243
2572277
2572507
2572666
2572909
2572911
2573025
2573108
2573147
2573182
2573194
2573258
2573260
2573512
2573598
2573748
2573835
2574023
2574079
2574135
2574230
2574319
2574411
2574475
2574587
2574788
2574894
2575029
2575041
2575092
2575119
2575172
2575310
2575342
2575400
2575417
2575452
2575604
2575618
2575715
2575821
2575839
2575877
2575980
2576214
2576229
2576270
2576358
2576375
2576383
2576413
2576499
2576664
2576739
2577143
2577252
2577261
2577315
2577506
2577622
2577703
2577710
2577725
2577890
2578002
2578183
2578328
2578419
2578463
2578513
2578522
2578773
2578857
2578879
2578910
2578938
2578974
2579081
2579165
2579242
2579477
2579484
2579530
2579549
2579573
2579658
2579845
2579947
2579966
2580042
2580087
2580091
2580120
2580133
2580182
2580209
2580337
2580388
2580418
2580449
2580531
2580564
2580598
2580763
2580835
2580867
2580921
2580939
2581019
2581106
2581192
2581238
2581291
2581421
2581504
2581908
2581959
2582014
2582041
2582053
2582223
2582257
2582338
2582374
2582391
2582400
2582434
2582526
2582604
2582685
2582696
2582733
2582782
2582954
2582967
2582978
2583061
2583076
2583267
2583339
2583384
2583406
2583470
2583488
2583607
2583624
2583672
2583838
2583905
2583923
2583931
2584047
2584156
2584174
2584187
2584265
2584292
2584383
2584397
2584413
2584478
2584517
2584561
2584576
2584907
2584981
2584990
2585109
2585111
2585334
2585436
2585535
2585606
2585637
2585910
2585956
2585969
2586073
2586161
2586176
2586189
2586295
2586367
2586469
2586572
2586806
2586926
2587131
2587179
2587318
2587362
2587433
2587459
2587466
2587584
2587638
2587656
2587809
2587875
2588079
2588154
2588204
2588227
2588381
2588525
2588650
2588882
2588952
2589058
2589143
2589177
2589293
2589333
2589366
2589412
2589498
2589529
2589570
2589646
2589836
2589890
2589962
2589996
2590017
2590076
2590118
2590149
2590185
2590267
2590316
2590571
2590672
2590709
2590744
2590760
2590775
2590842
2590874
2590957
2591102
2591200
2591261
2591486
2591553
2591570
2591678
2591703
2591787
2591819
2591848
2591881
2591930
2591973
2592039
2592111
2592197
2592266
2592334
2592629
2592653
2592823
2592956
2593063
2593106
2593165
2593291
2593305
2593364
2593484
2593585
2593632
2593735
2593852
2593908
2594004
2594049
2594051
2594100
2594134
2594152
2594216
2594346
2594403
2594442
2594456
2594469
2594519
2594524
2594608
2594682
2594837
2594983
2595218
2595262
2595355
2595483
2595497
2595503
2595538
2595574
2595602
2595729
2595792
2595917
2595945
2595961
2596006
2596029
2596065
2596325
2596369
2596400
2596428
2596434
2596493
2596511
2596766
2596802
2596839
2596877
2596901
2596954
2597159
2597209
2597337
2597531
2597724
2597748
2597755
2597763
2597854
2597899
2597950
2597968
2598033
2598059
2598094
2598169
2598229
2598288
2598292
2598309
2598332
2598358
2598360
2598446
2598552
2598561
2598576
2598589
2598605
2598686
2598702
2598739
2599140
2599186
2599248
2599318
2599516
2599577
2599638
2599844
2599897
2599914
2500438
2500911
2501154
2501230
2501684
2501866
2502013
2504559
2505083
2505168
2505347
2505412
2505514
2505601
2505710
2505787
2506108
2506297
2507338
2507544
2507794
2507821
2508287
2508305
2508331
2508697
2508915
2509158
2509183
2509407
2509831
2509969
2510231
2510816
2511309
2511768
2512473
2512523
2513507
2513740
2513911
2514242
2514660
2515219
2515318
2515568
2515595
2516034
2516810
2516838
2517424
2518011
2518139
2518848
2518890
2518996
2519122
2519483
2519945
2520165
2521809
2521883
2521970
2522348
2522765
2523588
2524747
2524901
2524978
2525015
2525020
2525500
2525739
2526111
2526407
2526554
2526580
2526670
2526718
2526785
2526974
2527104
2527339
2527465
2527744
2527810
2527923
2528295
2528354
2528519
2528548
2529586
2529790
2530075
2530756
2530774
2531244
2531950
2532750
2532919
2533099
2533281
2533330
2533669
2533717
2534197
2534393
2534987
2535378
2535469
2535757
2535926
2536005
2536348
2537735
2538733
2539508
2539957
2540885
2541021
2541175
2541522
2541670
2541749
2542044
2542382
2542457
2543432
2543503
2543569
2543650
2544159
2545137
2545683
2545800
2546224
2546789
2546970
2547152
2547798
2547870
2548017
2548441
2548672
2548842
2549172
2549205
2549452
2549604
2549794
2550167
2550621
2551088
2551172
2551374
2551794
2551802
2552019
2552364
2552416
2552746
2552778
2552889
2553259
2553501
2553599
2553641
2554809
2555321
2555384
2555395
2555758
2556308
2556498
2556588
2557413
2558108
2558232
2558244
2558485
2558916
2558921
2559085
2559152
2559378
2559491
2559555
2559723
2560393
2560751
2560886
2561581
2561798
2561841
2561909
2562045
2562732
2562856
2562931
2563041
2563181
2564116
2565370
2565628
2565916
2565995
2566484
2566504
2566845
2566852
2566908
2567167
2567460
2567770
2568207
2568248
2568466
2568568
2568776
2569229
2569270
2569375
2569948
2570022
2570494
2570595
2570793
2570941
2571278
2571964
2572051
2572284
2572378
2572608
2573557
2573707
2574227
2574602
2574741
2575163
2575651
2576094
2576191
2576768
2576907
2577394
2577440
2577881
2577918
2578665
2578925
2579971
2580462
2581416
2581518
2581658
2582181
2582417
2582452
2582649
2582843
2583201
2583453
2583726
2583803
2584066
2584110
2584849
2585233
2585641
2585864
2586145
2586524
2586548
2586659
2586723
2587046
2587255
2587471
2588695
2589245
2589252
2589457
2589738
2589807
2589918
2589949
2590151
2590196
2590368
2590384
2590619
2590663
2590998
2591289
2591371
2591506
2591613
2592436
2592665
2592730
2593421
2593658
2594027
2595178
2595363
2595411
2595770
2596172
2596935
2597598
2597617
2598187
2598528
2599408
