2200021
2200095
2200111
2200126
2200132
2200175
2200208
2200215
2200407
2200567
2200580
2200614
2200670
2200730
2200751
2200773
2200785
2200796
2200823
2200942
2200956
2201051
2201100
2201134
2201176
2201403
2201647
2201932
2202000
2202130
2202235
2202254
2202339
2202470
2202492
2202515
2202636
2202663
2202690
2202775
2202856
2202869
2202957
2203092
2203155
2203461
2203544
2203708
2203733
2204102
2204261
2204431
2204440
2204824
2204855
2204985
2205056
2205600
2205617
2205724
2205763
2205846
2205899
2206090
2206106
2206114
2206153
2206165
2206357
2206416
2206443
2206450
2206468
2206477
2206518
2206713
2206915
2206947
2207178
2207180
2207204
2207355
2207497
2207587
2207815
2207833
2207871
2207934
2208112
2208157
2208236
2208482
2208568
2208941
2208965
2209066
2209110
2209288
2209358
2209397
2209422
2209631
2209657
2210113
2210199
2210432
2210444
2210602
2210765
2210808
2210859
2210976
2211092
2211391
2211461
2211526
2211604
2211630
2211651
2211747
2211766
2211850
2211877
2211999
2212090
2212114
2212256
2212269
2212274
2212416
2212450
2212504
2212527
2212549
2212611
2212697
2212971
2213077
2213158
2213271
2213317
2213361
2213424
2213567
2213629
2213812
2213938
2213974
2214054
2214140
2214255
2214415
2214603
2214734
2214897
2215045
2215520
2215797
2215856
2215957
2216293
2216359
2216654
2216703
2216710
2216791
2216855
2216904
2216996
2217110
2217169
2217206
2217534
2217657
2217686
2217716
2217818
2217827
2217896
2218531
2218724
2218736
2218813
2218880
2218921
2218950
2218984
2219051
2219193
2219403
2219491
2219507
2219581
2219659
2219829
2220105
2220349
2220373
2220459
2220610
2221052
2221127
2221213
2221395
2221515
2221559
2221594
2221663
2222062
2222096
2222161
2222216
2222239
2222403
2222469
2222694
2222888
2223038
2223091
2223275
2223392
2223617
2223634
2223661
2223921
2224113
2224273
2224497
2224556
2224684
2224729
2225124
2225356
2225391
2225417
2225604
2225630
2225720
2225802
2225868
2226015
2226270
2226292
2226309
2226545
2226612
2226623
2226972
2227044
2227139
2227601
2227613
2227667
2228043
2228259
2228393
2228455
2228554
2228637
2228823
2228886
2228991
2229269
2229287
2229611
2229722
2229828
2230042
2230056
2230120
2230133
2230182
2230194
2230260
2230473
2231141
2231312
2231357
2231527
2231530
2231632
2232029
2232065
2232136
2232279
2232387
2232493
2232733
2232771
2232868
2232978
2233278
2233607
2233797
2233803
2233810
2233856
2233874
2233891
2233979
2234071
2234169
2234241
2234534
2234981
2235158
2235294
2235300
2235653
2235730
2235840
2236049
2236277
2236456
2236620
2236723
2236870
2237022
2237080
2237272
2237290
2237373
2237447
2237642
2237717
2237776
2237793
2237811
2237858
2237897
2238079
2238167
2238381
2238426
2238483
2238503
2238668
2238706
2238770
2239371
2239405
2239529
2239601
2239836
2239881
2239973
2240092
2240155
2240231
2240303
2240374
2240428
2240489
2240526
2240583
2240850
2240884
2240922
2241047
2241066
2241071
2241082
2241174
2241517
2241545
2241561
2241589
2241612
2241686
2241702
2241818
2241862
2241955
2242069
2242147
2242171
2242211
2242244
2242283
2242353
2242449
2242586
2242628
2242661
2242719
2242755
2242781
2242846
2242921
2243134
2243161
2243221
2243250
2243555
2243620
2243671
2243740
2243786
2243888
2243932
2243997
2244137
2244153
2244238
2244683
2244701
2244780
2244852
2244933
2245179
2245539
2245687
2245832
2245906
2246118
2246246
2246368
2246406
2246533
2246636
2246648
2246775
2246905
2246964
2246979
2246986
2247084
2247132
2247175
2247183
2247220
2247328
2247407
2247535
2247567
2247910
2248083
2248121
2248245
2248276
2248289
2248320
2248333
2248366
2248646
2248787
2248791
2249154
2249218
2249230
2249262
2249324
2249381
2249475
2249538
2249616
2249677
2249866
2249917
2250049
2250378
2250425
2250740
2251040
2251057
2251135
2251230
2251510
2251556
2251684
2251737
2251820
2251928
2252067
2252112
2252140
2252482
2252669
2252700
2252883
2253059
2253082
2253125
2253138
2253270
2253422
2253589
2253612
2253631
2253907
2254000
2254441
2254453
2254520
2254547
2254838
2254979
2254998
2255951
2255962
2256056
2256108
2256147
2256314
2256392
2256427
2256451
2256473
2256557
2256652
2256689
2256719
2256724
2256822
2256916
2257092
2257119
2257303
2257387
2257417
2257434
2257868
2257895
2257978
2258024
2258048
2258090
2258106
2258170
2258291
2258450
2258504
2258549
2258735
2259084
2259144
2259175
2259546
2259653
2259688
2259796
2259925
2259987
2260446
2260528
2260623
2260657
2260830
2260851
2261095
2261599
2261727
2261751
2261840
2261857
2261987
2262308
2262423
2262498
2262592
2262601
2262791
2262881
2262927
2263040
2263057
2263146
2263227
2263285
2263497
2263792
2264133
2264505
2264579
2264707
2264790
2264854
2264984
2265153
2265402
2265518
2265549
2265778
2265817
2265876
2265889
2265933
2266164
2266236
2266248
2266385
2266543
2266550
2266700
2266728
2266844
2266860
2266875
2266937
2267018
2267202
2267221
2267295
2267380
2267403
2267491
2267524
2267870
2268130
2268559
2268571
2268726
2268797
2268825
2268842
2268874
2268923
2268979
2269070
2269223
2269279
2269286
2269509
2269630
2269843
2269935
2269999
2270061
2270465
2270582
2270607
2270810
2270931
2271177
2271486
2271646
2271667
2271699
2271725
2271769
2271787
2271824
2271836
2271918
2272039
2272233
2272247
2272271
2272345
2272424
2272692
2272718
2272749
2272831
2272840
2272942
2273081
2273274
2273340
2273527
2273549
2273626
2273632
2273675
2273722
2273817
2274018
2274176
2274346
2274633
2274786
2274798
2274829
2274841
2274853
2274892
2274944
2274983
2275086
2275363
2275444
2275574
2275668
2275677
2275706
2275770
2275815
2275820
2275976
2276205
2276231
2276417
2276511
2276526
2276782
2276954
2277010
2277087
2277120
2277226
2277232
2277430
2277523
2277540
2277634
2277676
2277689
2277724
2277902
2277984
2278015
2278103
2278214
2278332
2278561
2278768
2278885
2278948
2278972
2279327
2279992
2280036
2280063
2280402
2280443
2280484
2280585
2280596
2280609
2280697
2280852
2281078
2281219
2281539
2281906
2281929
2281937
2281953
2282005
2282023
2282086
2282262
2282355
2282381
2282525
2282538
2282542
2282602
2282639
2282650
2282706
2282917
2282989
2283060
2283139
2283150
2283217
2283371
2283486
2283498
2283904
2283962
2283996
2284037
2284107
2284257
2284342
2284493
2284575
2284651
2284708
2284816
2284978
2285082
2285138
2285480
2285589
2285593
2285739
2285768
2285885
2285972
2286389
2286535
2286580
2286599
2286665
2286718
2286727
2287017
2287034
2287076
2287118
2287350
2287760
2287842
2287891
2288062
2288117
2288145
2288152
2288239
2288250
2288295
2288380
2288555
2288814
2288841
2288892
2289120
2289297
2289370
2289388
2289540
2289579
2289652
2289693
2289736
2289801
2289902
2289921
2290102
2290261
2290486
2290654
2290738
2290774
2290824
2290881
2290985
2291069
2291087
2291120
2291194
2291388
2291430
2291598
2291878
2292309
2292332
2292358
2292360
2292478
2292499
2292500
2292528
2292545
2292640
2292657
2292716
2292721
2292768
2292919
2293105
2293255
2293433
2293656
2293669
2293700
2293728
2293826
2293897
2293906
2294111
2294160
2294424
2294864
2294969
2295004
2295062
2295096
2295161
2295216
2295301
2295548
2295682
2295814
2295892
2295911
2295944
2295997
2296262
2296336
2296426
2296602
2296737
2296808
2296900
2296928
2296993
2297081
2297137
2297141
2297274
2297287
2297291
2297312
2297379
2297504
2297609
2297697
2297746
2297800
2297828
2297920
2298172
2298374
2298400
2298417
2298452
2298733
2298766
2298782
2298999
2299028
2299246
2299470
2299508
2299636
2299663
2299775
2299842
2299869
2299891
2299923
