3400055
3400081
3400242
3400269
3400287
3400323
3400450
3400518
3400530
3400551
3400573
3400828
3400852
3401123
3401219
3401236
3401494
3401717
3401858
3401860
3401970
3402230
3402319
3402650
3402917
3403116
3403245
3403371
3403570
3403613
3403654
3403824
3404006
3404037
3404240
3404509
3404526
3404673
3404733
3404794
3404850
3404884
3404895
3404978
3405142
3405311
3405383
3405454
3405467
3405679
3405885
3405936
3405990
3406039
3406247
3406393
3406472
3406490
3406567
3406599
3406641
3406751
3406898
3406925
3407045
3407149
3407246
3407321
3407339
3407377
3407406
3407441
3407672
3407744
3408027
3408100
3408193
3408221
3408335
3408469
3408608
3408757
3408841
3409485
3409523
3409531
3409676
3409763
3409801
3409867
3409943
3409968
3410017
3410246
3410350
3410470
3410619
3410648
3410672
3410760
3410891
3410979
3411168
3411177
3411276
3411289
3411293
3411769
3411824
3411918
3411930
3412197
3412419
3412641
3412925
3413036
3413090
3413170
3413477
3413573
3413644
3413675
3413683
3413697
3413701
3413966
3414051
3414193
3414536
3414548
3414608
3414705
3414926
3414944
3414983
3414997
3415101
3415113
3415122
3415542
3415587
3415808
3415815
3415833
3416006
3416092
3416119
3416124
3416163
3416205
3416257
3416310
3416452
3416493
3416759
3416901
3417038
3417297
3417306
3417404
3417430
3417512
3417531
3417579
3417772
3417801
3417846
3417902
3417984
3418015
3418206
3418478
3418561
3418849
3419105
3419236
3419272
3419281
3419482
3419516
3419577
3419953
3420145
3420176
3420277
3420284
3420378
3420456
3420491
3420608
3420666
3420757
3421023
3421079
3421199
3421363
3421372
3421668
3421737
3421788
3421847
3421859
3422078
3422318
3422459
3422539
3422669
3422734
3422745
3422844
3422875
3422941
3422988
3423110
3423142
3423214
3423237
3423253
3423528
3424149
3424201
3424302
3424414
3424437
3424559
3424874
3425177
3425320
3425588
3425710
3425881
3426003
3426038
3426042
3426091
3426244
3426260
3426557
3426689
3426772
3426846
3426867
3426977
3427006
3427053
3427124
3427223
3427286
3427374
3427476
3427532
3427662
3427884
3428165
3428210
3428287
3428364
3428658
3428675
3428828
3428889
3428893
3428915
3428982
3428994
3429233
3429259
3429389
3429419
3429578
3429688
3429692
3429730
3429840
3429974
3430008
3430125
3430229
3430237
3430326
3430358
3430545
3430552
3430605
3430657
3430750
3430849
3430990
3431039
3431077
3431300
3431376
3431419
3431578
3431606
3431773
3431823
3432026
3432150
3432333
3432506
3432654
3432774
3432890
3432962
3433064
3433098
3433251
3433348
3433458
3433460
3433587
3433677
3433714
3433729
3433737
3433815
3433866
3433882
3433917
3433989
3434025
3434056
3434074
3434091
3434159
3434209
3434353
3434505
3434540
3434598
3434724
3434748
3434801
3434916
3435024
3435036
3435090
3435170
3435203
3435477
3435504
3435549
3435735
3435828
3435845
3435861
3435915
3436013
3436054
3436164
3436330
3436415
3436494
3436539
3436883
3437051
3437202
3437250
3437367
3437474
3437620
3437712
3437723
3437837
3437853
3437932
3438222
3438246
3438254
3438453
3438520
3438672
3438690
3438709
3438760
3438838
3438923
3439374
3439387
3439445
3439544
3439558
3439720
3439816
3440200
3440289
3440347
3440514
3440678
3440725
3440863
3440890
3440904
3441003
3441171
3441194
3441258
3441297
3441451
3441473
3441557
3441617
3441772
3442110
3442206
3442499
3442589
3442623
3442631
3442907
3443140
3443186
3443219
3443236
3443318
3443327
3443373
3443471
3443638
3443776
3443914
3444068
3444095
3444111
3444160
3444197
3444247
3444328
3444637
3444805
3444840
3444864
3444942
3444974
3445085
3445161
3445367
3445403
3445410
3445425
3445705
3445740
3445798
3445814
3446086
3446409
3446503
3446706
3446847
3447024
3447081
3447153
3447210
3447225
3447287
3447357
3447386
3447658
3447767
3447800
3448119
3448181
3448257
3448452
3448461
3448526
3448782
3448935
3449302
3449316
3449321
3449508
3449571
3449594
3449672
3449709
3449803
3449825
3449874
3450304
3450318
3450516
3450809
3450937
3451130
3451235
3451350
3451395
3451492
3451619
3452647
3452659
3452712
3453074
3453341
3453392
3453540
3453557
3453719
3454432
3454569
3454587
3454616
3454643
3454820
3455041
3455338
3455391
3455618
3455627
3455649
3455651
3455673
3455733
3455843
3455850
3455999
3456047
3456066
3456169
3456241
3456288
3456383
3456528
3456561
3456873
3457009
3457032
3457289
3457371
3457394
3457405
3457479
3457725
3457738
3457973
3458328
3458345
3458389
3458393
3458463
3458535
3458629
3458641
3458727
3458785
3458974
3459379
3459416
3459562
3459644
3459800
3459994
3460056
3460091
3460314
3460337
3460652
3460724
3460755
3460781
3460921
3461048
3461331
3461379
3461402
3461518
3461609
3461778
3461800
3461852
3461959
3461982
3462065
3462119
3462172
3462181
3462212
3462298
3462417
3462461
3462532
3462544
3462558
3462649
3462685
3462747
3462771
3462794
3462935
3463196
3463246
3463368
3463533
3463842
3463957
3464094
3464499
3464561
3464623
3464851
3464907
3465126
3465546
3465637
3465751
3466399
3466469
3466491
3466608
3466647
3466888
3466926
3467022
3467219
3467482
3467832
3467929
3468057
3468113
3468154
3468296
3468390
3468411
3468542
3468677
3469009
3469044
3469058
3469075
3469184
3469245
3469382
3469464
3469836
3469855
3470273
3470348
3470866
3471041
3471231
3471400
3471509
3471583
3471618
3471794
3471816
3471884
3472114
3472210
3472274
3472323
3472340
3472386
3472439
3472518
3472549
3472562
3472626
3472675
3472701
3473183
3473629
3473692
3473773
3473840
3473910
3474067
3474157
3474207
3474396
3474408
3474482
3474568
3474642
3474691
3474858
3474953
3475017
3475028
3475196
3475235
3475246
3475267
3475278
3475280
3475316
3475406
3475437
3475566
3475887
3476026
3476060
3476139
3476168
3476177
3476195
3476382
3476394
3476506
3476570
3476622
3476951
3476973
3477103
3477142
3477241
3477265
3477288
3477478
3477664
3477768
3477849
3477862
3478087
3478283
3478341
3478427
3478451
3478531
3478693
3478724
3478772
3478902
3479018
3479221
3479620
3479647
3479671
3479870
3480160
3480259
3480334
3480535
3480606
3480614
3480704
3480840
3480974
3481221
3481469
3482061
3482127
3482185
3482201
3482222
3482280
3482384
3482559
3482758
3482797
3482887
3482957
3483065
3483070
3483190
3483212
3483511
3483583
3483597
3483715
3483759
3483884
3483901
3484058
3484195
3484308
3484498
3484667
3484699
3484703
3484836
3484927
3484996
3485010
3485341
3485485
3485496
3485755
3485977
3485995
3486106
3486312
3486527
3486562
3486632
3486644
3486713
3486780
3486845
3486933
3487064
3487135
3487296
3487372
3487741
3487753
3487900
3487989
3488186
3488385
3488396
3488543
3488610
3488642
3488832
3488844
3488875
3488965
3489008
3489094
3489253
3489309
3489499
3489795
3489981
3490240
3490286
3490400
3490452
3490627
3490662
3490895
3491047
3491191
3491716
3491784
3491795
3491818
3491919
3492025
3492056
3492074
3492232
3492314
3492329
3492392
3492473
3492531
3492579
3493004
3493018
3493062
3493193
3493202
3493367
3493380
3493425
3493507
3493633
3493647
3494007
3494055
3494170
3494402
3494421
3494443
3494551
3494596
3494828
3494933
3494947
3494994
3495054
3495198
3495224
3495408
3495415
3495776
3496093
3496222
3496246
3496441
3496470
3496533
3496594
3496624
3496663
3496726
3496810
3496874
3496940
3496986
3497095
3497183
3497436
3497463
3497567
3497614
3497688
3497796
3498565
3498703
3498872
3499146
3499409
3499460
3499542
3499574
3499894
3499900
3499917
3499928
