1700115
1700232
1700314
1700365
1700523
1700693
1700724
1700867
1700977
1701007
1701048
1701090
1701137
1701188
1701269
1701450
1701876
1701893
1702119
1702240
1702264
1702604
1702627
1702630
1702662
1702696
1702720
1702901
1702922
1702980
1703052
1703130
1703278
1703437
1703690
1703775
1703869
1704214
1704229
1704401
1704545
1704623
1704686
1704716
1704907
1704936
1704990
1705095
1705345
1705535
1705704
1705718
1705730
1705796
1705925
1705987
1706051
1706062
1706202
1706284
1706335
1706647
1706666
1706731
1706841
1707157
1707408
1707543
1707603
1707734
1707937
1707970
1708040
1708057
1708460
1708483
1708525
1708706
1708729
1708765
1708976
1709177
1709228
1709486
1709601
1709890
1710013
1710219
1710351
1710669
1710691
1710728
1710906
1710937
1711118
1711196
1711201
1711429
1711470
1711520
1711619
1711648
1711681
1711711
1711726
1712030
1712100
1712202
1712239
1712284
1712456
1712548
1712865
1712911
1713087
1713297
1713306
1713341
1713485
1713557
1713586
1713763
1713943
1714012
1714204
1714218
1714251
1714324
1714753
1715037
1715264
1715310
1715400
1715493
1715544
1715771
1715901
1715946
1716125
1716138
1716253
1716288
1716311
1716454
1716478
1716552
1716576
1716702
1716818
1717121
1717412
1717423
1717486
1717541
1717996
1718021
1718126
1718144
1718300
1718376
1718522
1718535
1718773
1718898
1719063
1719090
1719153
1719170
1719225
1719242
1719609
1719644
1719697
1719817
1719908
1719947
1719982
1720218
1720251
1720319
1720503
1720639
1720788
1720882
1721006
1721041
1721088
1721119
1721163
1721325
1721560
1721733
1721747
1721759
1721771
1721843
1721850
1721999
1722019
1722188
1722274
1722357
1722386
1722398
1722443
1722484
1722527
1722701
1722746
1722861
1722920
1723039
1723050
1723175
1723376
1723389
1723554
1723567
1723653
1724099
1724157
1724164
1724272
1724471
1724752
1724761
1724776
1724811
1724906
1725089
1725213
1725278
1725711
1725732
1725923
1726498
1726537
1726601
1726927
1727174
1727358
1727401
1727435
1727885
1727907
1727936
1728523
1728586
1728755
1728867
1728921
1729128
1729193
1729221
1729346
1729354
1729403
1729507
1729519
1729572
1729682
1729694
1729829
1729932
1730050
1730175
1730247
1730472
1730567
1730578
1730629
1730727
1730730
1730956
1731027
1731073
1731313
1731403
1731474
1731647
1731694
1731806
1731892
1731997
1732000
1732316
1732520
1732566
1732636
1732672
1732797
1732856
1732986
1732998
1733231
1733374
1733575
1733597
1733651
1733759
1733782
1734032
1734177
1734217
1734293
1734359
1734529
1734725
1735115
1735166
1735194
1735283
1735314
1735388
1735418
1735462
1735531
1735617
1735763
1735854
1735867
1736141
1736357
1736386
1736402
1736609
1736697
1736780
1737012
1737426
1737475
1737503
1737510
1737525
1737569
1737729
1737900
1737976
1738013
1738140
1738516
1738642
1738953
1739033
1739138
1739214
1739358
1739422
1739702
1739777
1739919
1739936
1740000
1740127
1740130
1740624
1740636
1740775
1740842
1741261
1741293
1741347
1741412
1741479
1741506
1741635
1741787
1741807
1741890
1741918
1741927
1742068
1742084
1742095
1742111
1742220
1742233
1742522
1742641
1742653
1742727
1743658
1743697
1743735
1743893
1743966
1744073
1744202
1744410
1744469
1744581
1744723
1744814
1744909
1744958
1745154
1745230
1745262
1745273
1745296
1745411
1745444
1745475
1745503
1745808
1746006
1746070
1746286
1746452
1746526
1746558
1746583
1746604
1746715
1746747
1746839
1746980
1747003
1747074
1747087
1747306
1747427
1747523
1747579
1747645
1747676
1747763
1747813
1747899
1747968
1748241
1748253
1748454
1748480
1748499
1748589
1748721
1748743
1748750
1748896
1748936
1748955
1748963
1749035
1749396
1749408
1749603
1749610
1749793
1749929
1750421
1750573
1750722
1750735
1751035
1751080
1751179
1751248
1751396
1751543
1751625
1751776
1751897
1752167
1752227
1752363
1752390
1752460
1752510
1752706
1752808
1752945
1753333
1753347
1753423
1753678
1753725
1753774
1753890
1753996
1754092
1754286
1754298
1754310
1754356
1754618
1754733
1754759
1754802
1754913
1754978
1755071
1755265
1755292
1755499
1755589
1755924
1755955
1756016
1756021
1756084
1756109
1756208
1756271
1756294
1756328
1756407
1756580
1756629
1756637
1756785
1756831
1756879
1756942
1756987
1756991
1757017
1757149
1757173
1757302
1757520
1757533
1757856
1757869
1757931
1757957
1757964
1758027
1758145
1758193
1758243
1758250
1758403
1758410
1758456
1758853
1758888
1758926
1758944
1758983
1758997
1759042
1759091
1759147
1759211
1759306
1759353
1759404
1759600
1759617
1759661
1759689
1759902
1760143
1760150
1760320
1760498
1760537
1760553
1760601
1760678
1760680
1761010
1761087
1761133
1761171
1761226
1761244
1761260
1761462
1761579
1761676
1761755
1762008
1762142
1762288
1762422
1762664
1762702
1762721
1762743
1762804
1762924
1763080
1763568
1763603
1763897
1763914
1764132
1764317
1764352
1764535
1764749
1764840
1765221
1765243
1765555
1765731
1765740
1765786
1765870
1765932
1766348
1766426
1766444
1766458
1766510
1766729
1766788
1766859
1766961
1767063
1767225
1767331
1767402
1767701
1767713
1767722
1768136
1768417
1768558
1768618
1768901
1768935
1769076
1769222
1769254
1769414
1769515
1769520
1769672
1769775
1769825
1770088
1770257
1770445
1770627
1770771
1770954
1770980
1771008
1771033
1771066
1771288
1771383
1771422
1771948
1771955
1772042
1772108
1772166
1772232
1772341
1772418
1772505
1772617
1772790
1773018
1773176
1773239
1773313
1773380
1773410
1773555
1773563
1773572
1773590
1773705
1773837
1774129
1774225
1774238
1774323
1774416
1774530
1774585
1775022
1775035
1775131
1775263
1775290
1775373
1775466
1775691
1775752
1775789
1775826
1775906
1776149
1776492
1776624
1776711
1776887
1776998
1777016
1777021
1777039
1777084
1777481
1777785
1777823
1777969
1777991
1778032
1778276
1778308
1778320
1778498
1778506
1778514
1778570
1778592
1778774
1778819
1779363
1779525
1779574
1779643
1779650
1779684
1779815
1779820
1779900
1779928
1779945
1780723
1780779
1780837
1780853
1780983
1781005
1781154
1781409
1781483
1781587
1781602
1781859
1781866
1781945
1781976
1782131
1782157
1782224
1782304
1782408
1782420
1782584
1782656
1782875
1782992
1783033
1783047
1783110
1783229
1783237
1783309
1783435
1783467
1783552
1783612
1783955
1783963
1784045
1784278
1784406
1784744
1784797
1784874
1785044
1785514
1785541
1785635
1785949
1785996
1786108
1786133
1786182
1786244
1786329
1786418
1786540
1786628
1786801
1786854
1786902
1786939
1787041
1787065
1787298
1787338
1787400
1787417
1787452
1787558
1787877
1787901
1788055
1788090
1788331
1788468
1788959
1789109
1789259
1789294
1789361
1789393
1789580
1789718
1789831
1789910
1790169
1790413
1790446
1790576
1790605
1790664
1790686
1790698
1790818
1790990
1791039
1791158
1791215
1791361
1791393
1791407
1791419
1791501
1791785
1791840
1791969
1792032
1792514
1792592
1792667
1792738
1792848
1793079
1793251
1793262
1793336
1793458
1793503
1793538
1793695
1793753
1793859
1794010
1794115
1794451
1794473
1794652
1794676
1794707
1794748
1795036
1795256
1795274
1795484
1795551
1795701
1795933
1796157
1796219
1796281
1796318
1796330
1796459
1796577
1796595
1796642
1796717
1796761
1796826
1796914
1796929
1796953
1797027
1797085
1797519
1797671
1797764
1797837
1797853
1798017
1798254
1798321
1798339
1798350
1798441
1798470
1798520
1798758
1798803
1798964
1798998
1799092
1799172
1799231
1799452
1799526
1799532
1799583
1799649
1799766
1799850
1799999
