2000508
2001320
2002215
2003081
2003287
2003357
2006369
2006532
2009304
2014827
2016469
2017521
2018086
2018122
2019848
2023753
2025915
2030135
2031935
2032683
2033653
2033704
2033974
2038813
2039018
2042729
2044476
2048322
2051404
2054126
2054393
2054727
2055410
2058597
2060123
2061343
2061797
2063661
2065452
2067486
2067872
2070448
2071128
2072222
2073868
2075211
2076484
2078521
2078603
2083671
2083682
2084530
2089650
2090731
2092105
2093422
2093534
2095872
2096392
2096557
2097618
2000017
2000028
2000246
2000441
2000453
2000465
2000547
2000582
2000655
2000709
2000711
2000891
2001143
2001217
2001228
2001308
2001315
2001333
2001366
2001537
2001710
2001738
2001787
2001855
2001918
2002050
2002126
2002271
2002294
2002334
2002448
2002490
2002513
2002522
2002599
2003055
2003106
2003291
2003402
2003450
2003800
2003966
2004004
2004536
2004581
2004590
2004620
2004647
2004671
2004694
2004888
2005023
2005101
2005154
2005230
2005355
2005538
2005668
2005753
2005871
2005894
2005934
2005989
2006041
2006107
2006155
2006163
2006310
2006374
2006387
2006417
2006461
2006476
2006583
2006649
2006747
2006766
2006794
2006967
2007010
2007025
2007038
2007056
2007388
2007392
2007451
2007462
2007540
2007557
2007586
2007598
2007617
2007652
2007689
2007763
2007772
2007835
2007867
2007902
2007984
2008094
2008187
2008237
2008413
2008593
2008640
2008739
2008827
2008924
2009131
2009207
2009281
2009349
2009415
2009433
2009568
2009717
2009728
2009734
2009793
2009860
2009897
2009906
2010226
2010258
2010306
2010485
2010531
2010628
2010899
2011024
2011081
2011203
2011210
2011256
2011291
2011323
2011530
2011549
2011573
2011585
2011644
2011722
2011754
2011876
2012014
2012092
2012107
2012155
2012172
2012279
2012417
2012509
2012544
2012558
2012913
2013089
2013173
2013201
2013267
2013515
2013533
2013681
2013758
2013810
2013931
2013940
2013979
2014020
2014082
2014125
2014191
2014237
2014360
2014401
2014446
2014499
2014528
2014534
2014623
2014640
2014750
2014784
2014830
2014849
2014896
2014963
2015126
2015132
2015175
2015197
2015259
2015389
2015424
2015472
2015481
2015490
2015606
2015805
2015864
2015898
2015942
2016145
2016152
2016176
2016221
2016284
2016335
2016378
2016536
2016555
2016572
2016647
2016841
2016865
2016888
2017054
2017067
2017078
2017112
2017219
2017318
2017373
2017433
2017447
2017516
2017550
2017656
2017691
2017745
2017761
2017883
2017906
2017953
2017970
2018098
2018154
2018180
2018324
2018432
2018460
2018475
2018591
2018753
2018765
2018815
2018833
2018945
2018961
2019116
2019234
2019315
2019320
2019333
2019347
2019366
2019382
2019486
2019498
2019537
2019667
2019774
2019819
2019872
2019881
2020015
2020047
2020103
2020241
2020309
2020326
2020358
2020375
2020478
2020534
2020631
2020698
2020827
2021016
2021039
2021077
2021095
2021132
2021215
2021259
2021334
2021448
2021606
2021629
2021831
2021864
2021879
2021903
2021938
2021956
2021969
2022228
2022252
2022261
2022347
2022382
2022394
2022498
2022678
2022725
2022872
2022881
2022890
2022951
2023012
2023040
2023146
2023296
2023307
2023324
2023355
2023426
2023475
2023483
2023510
2023525
2023587
2023591
2023602
2023639
2023643
2023714
2023765
2023859
2024010
2024074
2024209
2024341
2024462
2024523
2024693
2024813
2024943
2025048
2025141
2025192
2025242
2025269
2025287
2025357
2025398
2025527
2025562
2025626
2025632
2025660
2025697
2025722
2025845
2025889
2025947
2026054
2026140
2026304
2026327
2026433
2026447
2026595
2026669
2026691
2026752
2026809
2026832
2026858
2026953
2026970
2026992
2027004
2027018
2027062
2027073
2027176
2027301
2027346
2027380
2027403
2027456
2027507
2027615
2027764
2027798
2027806
2028017
2028118
2028267
2028280
2028321
2028377
2028465
2028492
2028547
2028672
2028905
2028923
2028964
2028979
2029163
2029461
2029532
2029583
2029720
2029843
2029895
2029922
2030012
2030023
2030098
2030355
2030390
2030483
2030542
2030574
2030591
2030616
2030639
2030695
2030859
2030871
2030928
2030945
2031119
2031223
2031286
2031461
2031532
2031720
2031766
2031802
2031954
2032036
2032090
2032242
2032269
2032386
2032398
2032439
2032596
2032701
2032800
2033220
2033271
2033282
2033376
2033407
2033501
2033812
2033831
2033910
2034067
2034123
2034198
2034255
2034263
2034290
2034415
2034459
2034494
2034603
2034625
2034728
2034789
2034883
2034897
2034906
2035028
2035045
2035127
2035149
2035213
2035384
2035395
2035406
2035690
2035726
2035810
2035856
2036060
2036150
2036168
2036195
2036200
2036217
2036228
2036506
2036537
2036725
2036787
2036807
2036872
2037015
2037020
2037138
2037156
2037214
2037237
2037698
2037716
2037721
2037739
2037804
2037851
2037885
2037963
2038069
2038091
2038115
2038147
2038283
2038329
2038353
2038388
2038430
2038531
2038540
2038579
2038586
2038645
2038880
2038916
2038984
2039030
2039062
2039085
2039100
2039117
2039145
2039239
2039295
2039425
2039536
2039581
2039590
2039608
2039659
2039740
2039806
2039892
2039932
2040007
2040024
2040063
2040192
2040357
2040379
2040386
2040495
2040683
2040861
2040876
2040920
2041022
2041046
2041080
2041105
2041157
2041164
2041179
2041290
2041349
2041408
2041459
2041466
2041494
2041516
2041687
2041809
2041875
2042086
2042122
2042167
2042218
2042324
2042591
2042621
2042643
2042741
2042792
2042871
2043116
2043139
2043252
2043276
2043333
2043423
2043565
2043570
2043601
2043742
2043774
2043807
2044006
2044037
2044070
2044088
2044119
2044205
2044223
2044231
2044279
2044298
2044310
2044338
2044342
2044417
2044428
2044575
2044649
2044715
2044747
2044766
2045047
2045156
2045169
2045265
2045288
2045309
2045360
2045435
2045478
2045500
2045640
2045777
2045818
2045936
2045972
2046002
2046095
2046215
2046317
2046328
2046463
2046554
2046637
2046670
2046688
2046762
2046805
2046864
2047000
2047127
2047130
2047162
2047213
2047343
2047508
2047515
2047594
2047624
2047648
2047672
2047681
2047709
2047711
2047732
2047758
2047797
2047869
2047964
2048117
2048128
2048161
2048189
2048216
2048239
2048243
2048295
2048367
2048442
2048608
2048620
2048682
2048731
2048806
2048870
2048926
2048997
2049025
2049087
2049166
2049244
2049329
2049418
2049427
2049485
2049540
2049634
2049661
2049676
2049736
2049899
2049977
2049984
2050058
2050252
2050261
2050371
2050412
2050457
2050479
2050541
2050613
2050725
2050819
2050890
2051353
2051418
2051462
2051505
2051628
2051689
2051707
2051835
2051977
2051984
2052082
2052103
2052142
2052169
2052174
2052332
2052383
2052686
2052702
2052721
2052739
2052784
2052804
2052873
2052981
2053054
2053112
2053131
2053157
2053179
2053236
2053272
2053327
2053385
2053447
2053482
2053494
2053516
2053543
2053603
2053610
2053826
2053965
2054043
2054109
2054144
2054271
2054334
2054345
2054629
2054665
2054796
2054812
2054823
2054831
2055239
2055295
2055487
2055563
2055590
2055647
2055694
2055712
2055798
2055837
2055841
2056005
2056023
2056079
2056167
2056180
2056218
2056324
2056390
2056411
2056444
2056458
2056556
2056602
2056714
2057019
2057036
2057048
2057055
2057063
2057090
2057331
2057416
2057596
2057611
2057746
2057817
2057834
2057861
2057971
2058006
2058014
2058070
2058181
2058279
2058310
2058338
2058434
2058511
2058558
2058560
2058673
2058895
2058980
2059028
2059034
2059118
2059162
2059222
2059384
2059395
2059429
2059465
2059594
2059681
2059797
2059931
2059998
2060001
2060080
2060140
2060179
2060248
2060304
2060349
2060550
2060595
2060625
2060638
2060642
2060717
2060789
2060858
2060953
2060970
2060992
2061185
2061222
2061350
2061520
2061709
2061923
2061931
2061979
2062018
2062216
2062322
2062367
2062380
2062399
2062438
2062469
2062633
2062671
2062694
2062705
2062740
2062870
2062958
2063025
2063108
2063159
2063166
2063258
2063473
2063531
2063755
2063781
2063939
2063968
2064023
2064031
2064113
2064204
2064324
2064475
2064497
2064788
2064833
2064859
2064934
2065006
2065303
2065369
2065509
2065630
2065651
2065662
2065696
2065794
2065877
2065946
2066020
2066191
2066229
2066237
2066478
2066528
2066576
2066612
2066623
2066631
2066743
2066827
2066862
2067011
2067058
2067060
2067102
2067121
2067195
2067293
2067359
2067405
2067464
2067514
2067570
2067787
2067819
2068220
2068361
2068472
2068535
2068578
2068692
2068749
2068773
2068942
2068991
2069114
2069137
2069210
2069312
2069421
2069551
2069683
2069722
2069767
2069828
2069876
2069889
2069933
2069959
2069971
2070132
2070259
2070455
2070481
2070522
2070567
2070606
2070665
2070692
2070704
2070730
2070751
2070796
2070938
2070956
2070974
2071145
2071335
2071403
2071633
2071659
2071712
2071731
2071853
2071960
2072052
2072061
2072093
2072280
2072343
2072350
2072429
2072470
2072559
2072566
2072681
2072711
2072760
2072783
2073053
2073088
2073107
2073148
2073155
2073172
2073298
2073303
2073374
2073461
2073544
2073575
2073747
2073901
2073922
2074058
2074097
2074139
2074276
2074359
2074405
2074423
2074486
2074570
2074635
2074654
2074710
2074819
2074836
2074848
2074881
2074949
2074951
2075025
2075074
2075115
2075159
2075194
2075232
2075353
2075388
2075427
2075485
2075652
2075867
2076019
2076450
2076549
2076596
2076644
2076920
2077057
2077098
2077122
2077178
2077218
2077296
2077432
2077483
2077556
2077574
2077695
2077820
2077871
2078078
2078157
2078318
2078351
2078373
2078408
2078459
2078466
2078502
2078539
2078550
2078568
2078674
2078691
2078752
2078875
2078897
2078965
2079020
2079047
2079142
2079156
2079237
2079358
2079397
2079422
2079612
2079623
2079640
2079948
2080037
2080119
2080155
2080303
2080493
2080597
2080630
2080673
2080685
2080771
2080802
2080816
2080821
2080980
2081020
2081033
2081103
2081156
2081344
2081401
2081413
2081657
2081721
2081830
2081919
2081990
2082038
2082260
2082353
2082365
2082523
2082586
2082628
2082689
2082719
2082724
2082755
2082790
2082854
2082880
2082899
2082943
2082968
2083100
2083378
2083456
2083474
2083519
2083548
2083633
2083647
2083659
2083731
2083786
2083870
2083932
2083983
2084141
2084269
2084439
2084683
2084845
2084933
2085054
2085179
2085263
2085351
2085494
2085539
2085550
2085595
2085642
2085717
2085761
2085992
2086235
2086321
2086339
2086368
2086377
2086395
2086470
2086533
2086566
2086571
2086594
2086663
2086709
2086758
2086856
2086979
2087109
2087208
2087247
2087271
2087393
2087419
2087455
2087554
2087580
2087670
2087773
2087823
2087831
2087910
2087942
2088026
2088168
2088333
2088667
2088678
2088742
2088863
2088927
2088962
2089012
2089040
2089113
2089122
2089204
2089307
2089411
2089426
2089475
2089483
2089643
2089684
2089729
2089815
2089934
2089945
2090202
2090399
2090507
2090647
2090659
2090786
2090888
2090932
2091023
2091031
2091113
2091348
2091390
2091432
2091503
2091574
2091833
2091894
2091934
2092304
2092459
2092466
2092482
2092502
2092521
2092674
2092691
2092906
2092937
2093008
2093020
2093125
2093326
2093401
2093478
2093589
2093605
2093612
2093851
2093990
2094185
2094213
2094278
2094280
2094437
2094492
2094594
2094810
2094874
2094905
2095121
2095245
2095289
2095293
2095333
2095359
2095394
2095514
2095565
2095613
2095742
2096003
2096010
2096056
2096087
2096147
2096473
2096634
2096755
2096899
2097014
2097029
2097041
2097107
2097257
2097387
2097417
2097558
2097662
2097685
2097821
2097843
2097922
2097980
2098007
2098090
2098291
2098402
2098416
2098477
2098596
2098609
2098713
2098817
2098876
2098994
2099016
2099208
2099266
2099317
2099361
2099567
2099629
2099637
2099670
2099857
2099903
2000201
2000619
2001252
2001293
2002002
2002016
2002773
2003007
2003852
2004030
2004134
2004615
2004740
2004983
2005180
2005319
2005525
2005820
2005917
2006651
2006839
2006980
2007404
2007430
2007790
2007846
2007921
2008138
2008156
2008664
2009811
2009953
2010166
2010297
2010370
2010748
2011007
2011055
2011274
2011379
2011443
2011675
2011767
2011893
2012190
2012630
2012715
2012839
2012935
2012999
2013213
2013368
2013384
2013429
2013636
2013803
2014454
2015463
2015578
2015749
2015773
2015823
2016018
2016100
2016438
2016581
2016633
2016682
2017236
2017941
2018023
2018409
2018458
2018976
2019032
2020094
2020206
2020885
2020924
2021749
2021762
2022026
2022083
2022930
2023057
2023706
2023833
2023917
2024147
2024430
2024496
2024676
2024772
2025106
2025153
2025573
2026112
2026236
2026330
2026674
2026717
2026914
2026937
2027442
2028045
2028732
2029190
2029205
2029369
2029999
2030122
2030894
2031387
2031400
2031417
2031708
2031782
2034669
2034674
2034761
2034970
2034988
2034992
2035547
2035711
2036102
2036261
2036855
2036973
2037401
2038693
2038902
2039399
2039572
2040081
2040225
2040971
2041035
2041415
2041897
2041941
2042057
2042101
2042296
2043486
2043553
2043622
2043678
2043824
2044560
2044816
2044913
2044980
2045397
2046300
2046796
2046910
2047520
2047998
2048145
2048202
2048250
2048712
2048911
2049069
2049074
2050565
2050807
2051147
2051531
2051676
2052138
2052292
2053105
2053248
2053373
2053433
2054282
2054389
2054749
2054805
2054857
2055085
2055380
2056483
2056684
2056894
2056989
2057735
2057799
2058286
2058342
2059093
2059663
2060290
2060447
2060603
2060965
2061151
2061775
2061810
2061869
2062853
2063260
2063763
2064348
2064538
2064737
2065107
2065136
2065445
2066094
2066214
2066288
2067565
2067699
2067951
2068021
2068300
2069063
2069256
2070039
2070043
2070233
2070328
2070352
2070641
2070727
2070749
2071027
2071176
2071189
2071367
2071572
2071932
2072000
2072130
2072492
2072515
2072709
2072726
2073325
2073452
2073597
2073967
2074102
2074382
2074506
2074553
2074703
2074769
2075880
2076468
2076585
2076834
2077167
2077230
2077976
2077989
2078080
2078584
2079094
2080041
2080417
2080708
2081253
2082462
2082540
2083027
2083161
2083202
2083268
2083335
2083367
2083712
2083926
2084106
2084660
2085067
2085396
2085745
2086869
2086940
2087472
2087718
2087974
2088075
2088121
2088150
2088405
2088622
2089180
2089336
2089363
2089976
2090633
2090666
2090757
2091146
2091444
2091525
2091639
2091820
2092248
2092327
2092965
2093110
2093480
2093576
2093640
2093739
2093885
2093896
2093972
2094648
2095177
2095486
2096025
2096211
2096427
2096736
2097325
2097369
2097771
2097868
2098024
2098379
2098527
2099068
2099259
2099718
