4000048
4000106
4000141
4000170
4000799
4000893
4001067
4001207
4001349
4001674
4001700
4001789
4001832
4001860
4001992
4002113
4002180
4002355
4002542
4002650
4002741
4002833
4002989
4003252
4003289
4003315
4003479
4003592
4003601
4003699
4003807
4003863
4003951
4003996
4004163
4004205
4004212
4004298
4004303
4004369
4004583
4004868
4005015
4005082
4005110
4005174
4005229
4005292
4005375
4005446
4005552
4005605
4005907
4005990
4006068
4006463
4006580
4006796
4006812
4006903
4006969
4007089
4007267
4007299
4007429
4007619
4007775
4007931
4008051
4008202
4008284
4008469
4008694
4008870
4008911
4008997
4009042
4009056
4009133
4009676
4009835
4010034
4010118
4010173
4010368
4010470
4010663
4010711
4010775
4010783
4010998
4011261
4011320
4011486
4011514
4011529
4011537
4011725
4011756
4012084
4012233
4012419
4012578
4012688
4012886
4013398
4013443
4013450
4013596
4013644
4013893
4013915
4014051
4014085
4014284
4014346
4014798
4014841
4014865
4014888
4014944
4015204
4015591
4015621
4015668
4015833
4015882
4015945
4015993
4016279
4016325
4016338
4016387
4016509
4016604
4016685
4016759
4016802
4016877
4016884
4016978
4017038
4017159
4017209
4017297
4017337
4017586
4017600
4017634
4017693
4017707
4017781
4017854
4018033
4018292
4018467
4018478
4018552
4018936
4019584
4019625
4019941
4019953
4020073
4020239
4020313
4020335
4020367
4020507
4020764
4020786
4021005
4021031
4021057
4021199
4021273
4021324
4021409
4021569
4021639
4021684
4021695
4021765
4021820
4021917
4022001
4022078
4022080
4022281
4022459
4022482
4022577
4022584
4022700
4022826
4023047
4023156
4023344
4023589
4023873
4024061
4024089
4024130
4024278
4024437
4024453
4024470
4024607
4025026
4025075
4025252
4025289
4025315
4025333
4025371
4025382
4025440
4025588
4025613
4025819
4025872
4025881
4025890
4025962
4026159
4026297
4026485
4026496
4026968
4027053
4027163
4027172
4027181
4027257
4027286
4027575
4027720
4027782
4027868
4027935
4028007
4028137
4028256
4028484
4028518
4028549
4028626
4028754
4028845
4028861
4029043
4029050
4029455
4029546
4029599
4029749
4029879
4030191
4030265
4030534
4030657
4030716
4030739
4030873
4030896
4030981
4031095
4031472
4031606
4031653
4032009
4032060
4032479
4032613
4032996
4033023
4033064
4033227
4033296
4033336
4033411
4033497
4033510
4033525
4033569
4033714
4033729
4033788
4033961
4034042
4034194
4034564
4035036
4035048
4035141
4035340
4035386
4035421
4035443
4035518
4035549
4035660
4035817
4035828
4035933
4035959
4036080
4036105
4036198
4036318
4036396
4036459
4036494
4036502
4036521
4036674
4036717
4036728
4036752
4036883
4036914
4036941
4037295
4037322
4037378
4037425
4037491
4037853
4037909
4038000
4038076
4038104
4038235
4038465
4038744
4038775
4038912
4039240
4039400
4039558
4039560
4039696
4039895
4040195
4040347
4040601
4040678
4040787
4040807
4041042
4041115
4041586
4041689
4041693
4041867
4041977
4042344
4042401
4042593
4042750
4042804
4043022
4043263
4043304
4043669
4043761
4043811
4043970
4043988
4044043
4044077
4044126
4044144
4044215
4044419
4044599
4044805
4044942
4045117
4045243
4045507
4045548
4045806
4045853
4045892
4045911
4046199
4046307
4046324
4046525
4046616
4046695
4046765
4046815
4046900
4047007
4047165
4047170
4047242
4047269
4047398
4047402
4047416
4047443
4047495
4047754
4047817
4047876
4047889
4048155
4048172
4048205
4048356
4048461
4048558
4048868
4048935
4049028
4049104
4049130
4049173
4049384
4049619
4049709
4049758
4049760
4049931
4050131
4050198
4050272
4050281
4050396
4050433
4050494
4050521
4050761
4050941
4051093
4051173
4051470
4051923
4052030
4052049
4052062
4052152
4052295
4052378
4052507
4052563
4052615
4052682
4052837
4052926
4053056
4053297
4053341
4053370
4053462
4053719
4053854
4053968
4054113
4054218
4054251
4054503
4054639
4054765
4054770
4054859
4054961
4055014
4055172
4055190
4055303
4055400
4055489
4055493
4055511
4055618
4055759
4055802
4055895
4055967
4055980
4056015
4056187
4056214
4056229
4056478
4056480
4056849
4056862
4056885
4057009
4057234
4057252
4057440
4057457
4057680
4057756
4057836
4057918
4058084
4058132
4058183
4058294
4058334
4058513
4058535
4058688
4058864
4058903
4058910
4059007
4059238
4059269
4059439
4059518
4059609
4059735
4059852
4059876
4059915
4059947
4060297
4060365
4060392
4060505
4060689
4060724
4060801
4060867
4060939
4061063
4061081
4061238
4061274
4061305
4061357
4061573
4061596
4061754
4061834
4061947
4062006
4062029
4062821
4062843
4062868
4062946
4062954
4063299
4063384
4063406
4063441
4063470
4063515
4063636
4063744
4063912
4063940
4064059
4064125
4064169
4064214
4064237
4064253
4064413
4064454
4064478
4064528
4064716
4064739
4064804
4065084
4065197
4065220
4065328
4065546
4065578
4065606
4065629
4065688
4065704
4066030
4066049
4066176
4066189
4066202
4066239
4066487
4066536
4066548
4067179
4067255
4067362
4067521
4067539
4067687
4068012
4068031
4068098
4068348
4068483
4068602
4068695
4068792
4068993
4069177
4069333
4069646
4069769
4069791
4069930
4069985
4070167
4070390
4070569
4070684
4070788
4071029
4071070
4071493
4071526
4071532
4071544
4071630
4071649
4071821
4071839
4071999
4072019
4072129
4072153
4072192
4072238
4072256
4072402
4072439
4072611
4072658
4072828
4072947
4072971
4073016
4073039
4073233
4073247
4073376
4073513
4073522
4073578
4073637
4073840
4073864
4073910
4074080
4074123
4074224
4074236
4074459
4074674
4074734
4074844
4074906
4074992
4075149
4075185
4075299
4075302
4075350
4075559
4075744
4075891
4076058
4076143
4076394
4076412
4076479
4076537
4076553
4076613
4076996
4077103
4077191
4077265
4077288
4077478
4077534
4077605
4077702
4077750
4077818
4078166
4078427
4078628
4079030
4079117
4079193
4079239
4079277
4079335
4079346
4079438
4079474
4079620
4079671
4079911
4079975
4080266
4080481
4080501
4080823
4080903
4080938
4081018
4081117
4081134
4081145
4081694
4081731
4081786
4082118
4082151
4082196
4082267
4082559
4082672
4082681
4082744
4082783
4082838
4082905
4082912
4083070
4083124
4083476
4083558
4083696
4083843
4083895
4083935
4083954
4083978
4084009
4084044
4084058
4084143
4084234
4084333
4084359
4084412
4084537
4084791
4084807
4084836
4084863
4085003
4085451
4085512
4085564
4085846
4086048
4086106
4086129
4086530
4086573
4086713
4086735
4086799
4086817
4086982
4087101
4087167
4087249
4087372
4087411
4087432
4087444
4087741
4087770
4087847
4087859
4087952
4088080
4088157
4088179
4088219
4088373
4088420
4088466
4088482
4088642
4088728
4088970
4088988
4089066
4089082
4089138
4089156
4089309
4089467
4089500
4089528
4089750
4089873
4090212
4090223
4090240
4090342
4090356
4090489
4090759
4090794
4090821
4090913
4091103
4091110
4091156
4091241
4091499
4091534
4091804
4092341
4092462
4092485
4092586
4092600
4092645
4092781
4092854
4092977
4092995
4093145
4093152
4093193
4093277
4093322
4093378
4093524
4094055
4094081
4094242
4094357
4094596
4094701
4094799
4094852
4095013
4095318
4095362
4095459
4095577
4095642
4095656
4095687
4095844
4095860
4096278
4096655
4096887
4096964
4097002
4097039
4097084
4097197
4097208
4097266
4097282
4097294
4097393
4097481
4097749
4097762
4097796
4097812
4097987
4098217
4098371
4098529
4098570
4098678
4098738
4098930
4099098
4099113
4099122
4099154
4099180
4099199
4099218
4099227
4099307
4099411
4099483
4099525
4099538
4099556
4099639
4099765
4099770
4099788
4099993
