5103228
5103320
5104511
5106805
5109087
5111680
5113828
5115319
5116303
5118795
5119988
5122105
5122610
5122897
5123229
5125245
5125872
5126133
5132412
5132738
5133770
5135357
5135379
5136728
5140613
5142066
5142948
5147287
5147386
5148821
5149441
5150577
5150897
5151368
5159746
5160586
5160916
5161876
5163162
5163690
5169570
5171913
5172036
5175343
5177499
5177698
5177768
5179474
5181757
5182566
5182681
5182783
5183461
5183868
5185523
5188875
5190511
5194876
5195433
5198228
5198537
5198985
5199668
5199770
5100192
5100274
5100331
5100697
5100817
5100845
5100982
5100994
5101022
5101248
5101459
5101669
5101745
5101965
5102031
5102180
5102296
5102307
5102319
5102426
5102497
5102525
5102770
5102859
5103457
5103464
5103601
5103635
5103667
5103787
5103819
5103848
5103949
5104092
5104298
5104445
5104476
5104575
5104583
5104627
5104720
5104782
5104839
5105015
5105082
5105094
5105358
5105397
5105435
5105576
5105612
5105657
5105664
5105777
5105830
5106039
5106095
5106160
5106175
5106215
5106376
5106455
5106463
5106554
5106580
5106641
5106925
5107453
5107515
5107624
5107636
5107709
5107758
5107842
5107979
5108030
5108049
5108051
5108062
5108096
5108193
5108250
5108301
5108322
5108335
5108354
5108572
5108608
5108615
5108712
5108837
5108870
5108960
5109091
5109159
5109211
5109283
5109297
5109392
5109462
5109505
5109719
5109763
5109790
5109813
5109880
5109939
5109943
5109984
5110028
5110201
5110299
5110343
5110350
5110368
5110384
5110515
5110619
5110655
5110711
5110775
5110874
5110923
5110957
5110998
5111116
5111121
5111217
5111347
5111366
5111371
5111541
5111678
5111703
5111904
5111930
5112043
5112050
5112111
5112126
5112160
5112220
5112393
5112455
5112580
5112665
5112692
5112718
5112773
5112785
5112886
5112938
5112974
5113024
5113153
5113170
5113192
5113269
5113274
5113331
5113416
5113421
5113527
5113800
5113861
5113994
5114030
5114134
5114145
5114161
5114221
5114367
5114425
5114572
5114806
5114841
5114888
5114958
5115057
5115390
5115497
5115684
5115765
5115808
5115815
5115989
5116107
5116298
5116338
5116387
5116452
5116511
5116532
5116544
5116597
5116604
5116685
5116708
5116715
5116759
5116922
5117283
5117329
5117430
5117449
5117652
5117689
5117693
5117772
5117822
5117916
5118071
5118156
5118229
5118270
5118358
5118360
5118777
5118827
5119013
5119224
5119327
5119447
5119459
5119466
5119543
5119638
5119691
5119717
5120004
5120117
5120268
5120301
5120346
5120367
5120469
5120487
5120814
5120829
5120837
5120909
5121023
5121409
5121411
5121460
5121542
5121695
5121706
5121714
5121859
5121917
5121945
5122046
5122054
5122112
5122140
5122433
5122471
5122674
5122691
5122752
5122776
5122826
5123015
5123082
5123103
5123110
5123214
5123265
5123948
5123972
5124173
5124222
5124299
5124339
5124429
5124533
5124594
5124619
5124690
5124709
5124732
5124838
5124856
5124979
5125075
5125139
5125168
5125184
5125200
5125315
5125366
5125412
5125855
5125863
5125951
5126010
5126038
5126091
5126120
5126182
5126370
5126462
5126485
5126540
5126579
5126634
5126676
5126736
5126867
5126880
5126995
5127065
5127124
5127163
5127342
5127374
5127434
5127627
5127884
5128036
5128141
5128287
5128364
5128439
5128443
5128596
5128611
5128800
5128817
5128893
5128933
5129077
5129132
5129317
5129352
5129481
5129490
5129535
5129641
5129670
5129749
5129751
5129773
5129840
5129879
5130047
5130174
5130229
5130401
5130454
5130467
5130500
5130528
5130545
5130552
5130605
5130716
5130784
5130849
5130948
5131016
5131077
5131259
5131266
5131345
5131376
5131393
5131407
5131424
5131513
5131578
5131629
5131641
5131730
5131823
5131831
5131857
5131864
5131925
5131938
5131942
5132097
5132121
5132177
5132184
5132464
5132506
5132570
5132725
5132756
5132787
5132807
5132819
5132872
5133154
5133218
5133639
5133650
5133792
5133820
5133928
5134025
5134108
5134306
5134370
5134531
5134586
5134736
5134763
5134790
5134902
5135165
5135188
5135203
5135291
5135323
5135364
5135450
5135596
5135660
5135754
5135834
5135908
5136105
5136179
5136186
5136198
5136219
5136236
5136263
5136281
5136373
5136433
5136568
5136584
5136603
5136656
5136669
5136745
5136965
5136988
5137062
5137202
5137243
5137378
5137671
5137786
5137944
5138089
5138104
5138118
5138222
5138280
5138299
5138437
5138515
5138648
5138744
5138775
5138803
5138810
5138838
5139014
5139279
5139338
5139452
5139476
5139532
5139604
5139696
5139759
5139782
5139839
5139946
5140308
5140366
5140382
5140565
5140570
5140601
5140703
5140710
5140836
5140848
5140949
5140996
5141010
5141056
5141074
5141159
5141297
5141337
5141430
5141505
5141557
5141586
5141652
5142094
5142169
5142241
5142265
5142309
5142332
5142375
5142383
5142446
5142500
5142545
5142593
5142716
5142721
5142739
5142784
5142818
5142830
5142851
5142862
5143001
5143207
5143255
5143330
5143408
5143502
5143595
5143826
5144126
5144175
5144220
5144282
5144436
5144463
5144472
5144718
5144730
5144879
5144987
5145030
5145152
5145221
5145250
5145277
5145378
5145425
5145456
5145474
5145909
5145926
5145958
5145997
5146057
5146079
5146227
5146336
5146372
5146458
5146460
5146542
5146695
5146729
5146788
5146989
5147036
5147072
5147090
5147129
5147137
5147203
5147274
5147291
5147340
5147398
5147527
5147611
5147626
5147632
5147799
5147800
5147876
5147966
5148041
5148053
5148148
5148163
5148342
5148476
5148766
5148816
5148843
5148922
5148935
5148999
5149034
5149052
5149151
5149222
5149280
5149321
5149343
5149350
5149453
5149594
5149624
5149636
5149648
5149655
5149760
5149783
5149803
5150022
5150112
5150327
5150408
5150415
5150459
5150811
5150826
5150844
5150883
5150906
5150941
5151034
5151093
5151118
5151213
5151299
5151343
5151838
5151856
5152085
5152322
5152403
5152487
5152524
5152563
5152581
5152659
5152712
5152888
5152997
5153003
5153010
5153120
5153283
5153297
5153337
5153485
5153645
5153724
5153781
5153943
5153977
5154086
5154146
5154307
5154319
5154591
5154993
5155006
5155014
5155155
5155163
5155257
5155342
5155387
5155391
5155400
5155417
5155597
5155696
5155715
5155771
5155821
5155877
5155884
5156020
5156033
5156214
5156229
5156265
5156270
5156311
5156360
5156383
5156478
5156605
5156679
5156716
5156750
5156784
5156924
5156990
5157184
5157289
5157366
5157457
5157565
5157588
5157601
5157667
5157710
5158016
5158109
5158175
5158282
5158419
5158436
5158554
5158567
5158653
5158879
5158969
5159063
5159210
5159269
5159312
5159398
5159450
5159609
5159611
5159701
5159754
5159876
5159971
5160074
5160159
5160171
5160306
5160365
5160388
5160427
5160451
5160661
5160835
5160902
5160921
5160968
5161055
5161072
5161305
5161443
5161609
5161644
5161735
5161754
5161817
5161920
5161959
5161994
5162029
5162053
5162065
5162231
5162428
5162452
5162489
5162526
5162720
5162901
5162954
5162967
5163076
5163246
5163254
5163278
5163280
5163655
5163681
5163726
5163810
5163931
5163940
5164066
5164326
5164375
5164561
5164664
5164679
5164698
5164721
5164818
5164851
5164972
5165095
5165109
5165144
5165407
5165448
5165513
5165522
5165554
5165670
5165831
5165840
5165879
5166049
5166202
5166221
5166284
5166474
5166519
5166555
5166666
5166853
5166975
5167001
5167035
5167054
5167078
5167186
5167290
5167327
5167516
5167550
5167584
5167734
5167897
5168079
5168113
5168199
5168204
5168218
5168230
5168273
5168432
5168706
5168820
5168847
5168859
5168871
5169011
5169217
5169276
5169405
5169431
5169486
5169506
5169622
5169646
5169725
5169985
5170031
5170101
5170135
5170180
5170218
5170285
5170458
5170475
5170542
5170639
5170695
5170706
5170714
5170770
5170808
5170833
5170859
5170871
5170900
5170989
5171070
5171264
5171298
5171733
5171802
5171839
5171884
5171946
5171954
5172242
5172269
5172357
5172402
5172439
5172549
5172562
5172658
5172660
5172675
5172683
5172701
5172845
5172893
5172947
5173183
5173294
5173352
5173513
5173641
5173670
5173718
5174022
5174035
5174318
5174482
5174603
5174745
5174875
5175130
5175254
5175470
5175488
5175515
5175607
5175825
5175891
5175912
5176009
5176011
5176060
5176121
5176139
5176195
5176529
5176553
5176565
5176738
5176836
5177110
5177288
5177358
5177401
5177435
5177576
5177605
5177640
5177664
5177750
5177827
5177849
5177851
5177885
5178166
5178232
5178451
5178485
5178719
5178755
5178763
5178867
5178899
5178916
5179128
5179322
5179410
5179647
5179666
5179682
5179892
5180183
5180334
5180352
5180361
5180376
5180424
5180455
5180481
5180578
5180727
5180730
5180857
5180956
5180969
5181027
5181216
5181346
5181380
5181399
5181456
5181705
5181865
5181870
5181888
5182017
5182052
5182162
5182235
5182636
5182648
5182663
5182856
5182874
5182891
5182964
5183014
5183053
5183065
5183088
5183119
5183298
5183356
5183434
5183476
5183526
5183627
5183630
5183708
5183766
5183771
5183794
5183843
5183901
5184009
5184011
5184168
5184195
5184217
5184245
5184252
5184261
5184320
5184333
5184366
5184412
5184440
5184756
5184848
5184890
5184949
5184962
5184973
5184985
5185341
5185676
5185693
5185719
5185781
5185984
5186106
5186114
5186242
5186331
5186357
5186364
5186477
5186484
5186504
5186530
5186549
5186697
5186735
5186799
5186828
5186889
5186933
5187262
5187319
5187336
5187460
5187587
5187621
5187650
5187677
5187695
5187729
5187993
5188046
5188179
5188255
5188349
5188373
5188521
5188625
5188789
5188793
5188883
5188929
5188970
5189008
5189033
5189110
5189169
5189229
5189344
5189454
5189576
5189743
5189862
5190065
5190240
5190286
5190303
5190325
5190356
5190434
5190627
5190901
5191015
5191020
5191059
5191071
5191082
5191191
5191214
5191237
5191253
5191288
5191309
5191743
5192003
5192056
5192074
5192091
5192306
5192512
5192628
5192634
5192763
5192790
5192950
5193145
5193161
5193216
5193615
5193740
5193806
5194106
5194203
5194287
5194357
5194530
5194845
5194908
5194933
5195054
5195067
5195080
5195123
5195290
5195385
5195415
5195447
5195459
5195494
5195502
5195577
5195603
5195642
5195717
5195745
5195811
5195832
5195860
5195875
5195937
5195988
5196162
5196185
5196201
5196343
5196619
5196624
5196690
5196732
5196912
5197050
5197109
5197175
5197266
5197345
5197361
5197393
5197419
5197481
5197513
5197567
5197637
5197751
5197991
5198075
5198121
5198293
5198359
5198667
5198710
5198863
5198951
5199012
5199101
5199146
5199154
5199411
5199426
5199497
5199503
5199587
5199650
5199753
5199788
5199894
5199934
5199976
5100129
5100323
5100746
5101224
5101327
5101494
5102616
5102729
5102900
5103116
5103359
5103622
5103703
5104264
5104673
5104954
5105862
5105924
5106197
5106407
5106513
5106535
5106629
5106785
5106938
5107017
5107151
5107437
5107957
5108152
5108757
5109069
5109418
5109707
5109801
5109867
5111742
5111890
5111962
5111996
5112727
5112840
5113291
5113443
5113893
5114152
5114438
5114536
5114712
5115122
5115251
5115621
5116037
5116560
5116895
5117370
5117617
5117676
5117763
5118008
5118478
5118500
5118623
5119067
5119482
5120442
5120633
5120997
5121178
5121639
5121737
5121808
5121976
5122290
5122373
5122420
5123631
5123784
5124302
5124636
5124912
5125394
5125756
5126003
5126159
5126226
5126531
5126854
5126878
5127356
5127400
5127476
5127575
5127922
5128402
5129111
5129334
5129419
5129857
5129974
5130156
5130360
5131580
5131599
5131898
5131969
5132962
5133591
5133621
5133961
5134010
5134260
5134297
5134755
5134867
5134878
5136385
5136832
5136929
5137051
5137117
5137193
5137608
5137779
5138076
5139509
5139630
5139733
5139954
5140009
5140347
5140774
5140824
5140927
5141258
5142454
5143054
5143290
5143584
5143883
5144002
5144208
5144481
5144606
5144692
5144704
5145128
5145442
5145608
5145620
5145814
5146574
5146770
5147596
5147780
5148627
5148715
5148771
5149267
5149566
5150290
5150351
5150373
5150420
5150745
5151302
5151515
5151636
5152277
5152346
5152666
5153074
5153147
5153171
5153404
5153462
5153813
5153835
5153899
5154012
5154503
5154706
5154917
5154952
5155231
5155240
5155720
5156237
5156702
5156739
5156795
5157315
5157320
5157863
5158629
5159305
5159626
5159933
5160617
5160950
5161242
5161450
5161893
5162476
5163052
5163061
5163104
5163339
5163619
5163744
5163797
5164094
5164292
5164435
5164605
5164657
5165111
5165463
5165864
5165974
5166335
5166367
5167219
5167263
5167351
5167691
5167832
5168602
5168741
5170307
5170372
5170961
5171119
5171391
5171901
5171935
5171978
5172137
5172153
5172364
5172527
5172799
5173111
5173974
5174408
5175076
5175127
5175316
5175429
5175520
5175783
5176234
5176431
5176791
5176872
5176881
5177156
5177657
5177679
5177739
5178147
5178449
5179193
5180039
5180393
5180599
5180614
5181301
5181425
5181694
5181960
5182034
5182350
5182465
5182624
5182842
5183223
5183575
5183685
5183802
5183999
5184234
5184308
5184479
5184514
5184565
5184742
5185182
5185353
5185736
5186291
5187146
5187510
5187616
5187788
5188466
5188953
5189082
5189265
5189401
5189589
5189990
5190597
5190733
5191206
5191397
5191499
5191873
5191885
5192388
5192392
5192531
5192557
5192617
5192689
5192755
5192916
5193572
5194048
5194063
5194269
5194364
5194735
5195013
5195327
5195543
5196000
5196607
5197111
5197294
5197665
5197704
5198423
5198742
5199336
