3600586
3600598
3600617
3600661
3600676
3600689
3600736
3600748
3600763
3600790
3600867
3600916
3601081
3601137
3601331
3601518
3601530
3601551
3602088
3602240
3602279
3602428
3602532
3602558
3602583
3602649
3602766
3602935
3602978
3603000
3603235
3603278
3603350
3603368
3603488
3603566
3603571
3603672
3603726
3603760
3603931
3603940
3604241
3604435
3604528
3604623
3604640
3604784
3604919
3605144
3605259
3605481
3605490
3605522
3605641
3605670
3605704
3605925
3605938
3606085
3606100
3606346
3606367
3606764
3606814
3606888
3606932
3606983
3607078
3607080
3607157
3607272
3607318
3607362
3607373
3607385
3607494
3607568
3607717
3607728
3607988
3607992
3608113
3608180
3608296
3608616
3608894
3608928
3608989
3609097
3609177
3609200
3609565
3609769
3609890
3609985
3610001
3610140
3610263
3610290
3610351
3610625
3610638
3610793
3610941
3611185
3611235
3611732
3611838
3612193
3612268
3612295
3612378
3612403
3612438
3612555
3612712
3612841
3613108
3613182
3613341
3613353
3613388
3613404
3613523
3613634
3613661
3613813
3613854
3613867
3614178
3614262
3614444
3614538
3614650
3614714
3614815
3614882
3614934
3614945
3615006
3615014
3615065
3615618
3615715
3615771
3615782
3615954
3616047
3616059
3616241
3616326
3616332
3616446
3616467
3616605
3616612
3616784
3617044
3617121
3617143
3617200
3617234
3617440
3617464
3617678
3617699
3617742
3617769
3617881
3617904
3617930
3618109
3618111
3618259
3618580
3618641
3618665
3618727
3618805
3618956
3618987
3619450
3619660
3619746
3619767
3619780
3619876
3620012
3620064
3620262
3620307
3620411
3620497
3620639
3620677
3620741
3620989
3621053
3621088
3621747
3621877
3621946
3621954
3622019
3622137
3622192
3622242
3622269
3622398
3622468
3622573
3622596
3622611
3622861
3622994
3623039
3623197
3623215
3623641
3623692
3623812
3623831
3623857
3623991
3624157
3624330
3624351
3624482
3624789
3624844
3625093
3625127
3625173
3625571
3625619
3625690
3625732
3625856
3626143
3626234
3626289
3626457
3626514
3626646
3626667
3626710
3626774
3626819
3626962
3627094
3627326
3627435
3627446
3627593
3627679
3627896
3628133
3628244
3628275
3628365
3628418
3628473
3628598
3628600
3628661
3628689
3628854
3628878
3628880
3629277
3629456
3629555
3629620
3629633
3629694
3629786
3629865
3629870
3629958
3630160
3630215
3630472
3630637
3630688
3630718
3630857
3631030
3631189
3631277
3631380
3631474
3631590
3631740
3631806
3632104
3632201
3632316
3632406
3632619
3632842
3632891
3632998
3633006
3633088
3633205
3633286
3633342
3633400
3633489
3633509
3633850
3633922
3633935
3633946
3633978
3634058
3634293
3634315
3634366
3634423
3634588
3634710
3634774
3634863
3634962
3635042
3635182
3635211
3635283
3635370
3635449
3635557
3635921
3636129
3636274
3636450
3636504
3636573
3636780
3636845
3637031
3637122
3637199
3637262
3637296
3637444
3637525
3637556
3637859
3637894
3638078
3638105
3638112
3638131
3638164
3638179
3638219
3638263
3638304
3638408
3638669
3638717
3638844
3639174
3639237
3639332
3639383
3639401
3639446
3639480
3639698
3639750
3639873
3640076
3640302
3640582
3640732
3640842
3640923
3640964
3640979
3641011
3641139
3641150
3641289
3641293
3641366
3641412
3641592
3641635
3641646
3641667
3641738
3641774
3641787
3641881
3641890
3641918
3641930
3642111
3642144
3642220
3642247
3642271
3642393
3642436
3642472
3642898
3643072
3643242
3643256
3643312
3643609
3643767
3643799
3644346
3644438
3644536
3644659
3644764
3644798
3644909
3645040
3645285
3645307
3645319
3645348
3645538
3645808
3645866
3645871
3645961
3646006
3646037
3646107
3646212
3646257
3646434
3646662
3646685
3646720
3646794
3647069
3647171
3647226
3647314
3647388
3647586
3647628
3647645
3647693
3647813
3647939
3647950
3648008
3648033
3648191
3648241
3648454
3648467
3648862
3648936
3648990
3649022
3649080
3649157
3649219
3649471
3649610
3649642
3649687
3649844
3649860
3650007
3650165
3650192
3650291
3650402
3650722
3650834
3650971
3651046
3651123
3651140
3651290
3651385
3651482
3651584
3651625
3651638
3652178
3652273
3652483
3652497
3652538
3652616
3652621
3652737
3652788
3652792
3652808
3652820
3652934
3652952
3653009
3653184
3653276
3653440
3653654
3653667
3653927
3654163
3654172
3654223
3654338
3654445
3654476
3654544
3654696
3655187
3655229
3655241
3655401
3655589
3655605
3655686
3655716
3655784
3655873
3655924
3656002
3656158
3656183
3656220
3656334
3656393
3656501
3656730
3656823
3656857
3656886
3656910
3656969
3657246
3657280
3657395
3657515
3657711
3657905
3657998
3658152
3658193
3658277
3658295
3658301
3658519
3658666
3658779
3658806
3658814
3658909
3659244
3659341
3659579
3659586
3659790
3659902
3659950
3660044
3660075
3660195
3660217
3660565
3660791
3660807
3660836
3660881
3661115
3661226
3661392
3661652
3661755
3661899
3661995
3662033
3662071
3662174
3662187
3662229
3662383
3662702
3662739
3662862
3662963
3663013
3663420
3663595
3664016
3664043
3664376
3664535
3664614
3664727
3664812
3664857
3664898
3665030
3665243
3665301
3665313
3665474
3665519
3665764
3665960
3666285
3666348
3666458
3666737
3666928
3667072
3667137
3667312
3667357
3667386
3667562
3667660
3667746
3667767
3667778
3667959
3667982
3668070
3668400
3668445
3668461
3668618
3668696
3668747
3668771
3668901
3668922
3669061
3669222
3669235
3669299
3669339
3669377
3669465
3669515
3669571
3669856
3670310
3670356
3670452
3670747
3671047
3671229
3671292
3671383
3671702
3671739
3671795
3671827
3671873
3671907
3672120
3672283
3672392
3672564
3672652
3672719
3672763
3672880
3673027
3673507
3673524
3673581
3673764
3673786
3673870
3673909
3674007
3674323
3674357
3674527
3674735
3674799
3674800
3674947
3675046
3675198
3675584
3675595
3675687
3675906
3675953
3675970
3676118
3676149
3676201
3676213
3676316
3676406
3676547
3676732
3676810
3676856
3676874
3676923
3677043
3677095
3677160
3677334
3677393
3677424
3677614
3677641
3677704
3677898
3678032
3678058
3678366
3678394
3678440
3678498
3678613
3678836
3679057
3679146
3679230
3679262
3679285
3679409
3679458
3679587
3679650
3679729
3679788
3679900
3679945
3680049
3680161
3680268
3680322
3680438
3680442
3680671
3680731
3680926
3680944
3681031
3681122
3681146
3681167
3681273
3681319
3681497
3681591
3681602
3681639
3681917
3682186
3682330
3682396
3682595
3682745
3682789
3682811
3682860
3682941
3683033
3683066
3683174
3683187
3683309
3683326
3683413
3683478
3683605
3683702
3683768
3683830
3683924
3683948
3683990
3684017
3684089
3684162
3684213
3684235
3684321
3684350
3684429
3684582
3684681
3685102
3685121
3685276
3685333
3685405
3685457
3685464
3685570
3685613
3685635
3685836
3685927
3685951
3686003
3686147
3686314
3686404
3686564
3686628
3686689
3686736
3686772
3686781
3686968
3686984
3687029
3687231
3687279
3687489
3687662
3687922
3688072
3688106
3688170
3688203
3688379
3688549
3688626
3689050
3689158
3689266
3689376
3689665
3689749
3689785
3689879
3689898
3689956
3690125
3690138
3690383
3690422
3690435
3690528
3690698
3690924
3691016
3691068
3691160
3691183
3691215
3691282
3691328
3691629
3691749
3691805
3691857
3692121
3692139
3692143
3692308
3692431
3692464
3692498
3692680
3692725
3692769
3692791
3692881
3692962
3692985
3692996
3693005
3693012
3693040
3693178
3693230
3693460
3693497
3693621
3693639
3693643
3693706
3693833
3694025
3694115
3694430
3694540
3694661
3694772
3694790
3694939
3695063
3695106
3695129
3695141
3695238
3695800
3695908
3695915
3696248
3696420
3696516
3696568
3696610
3696728
3696776
3696789
3696793
3696826
3696906
3697049
3697073
3697221
3697647
3697837
3698000
3698162
3698267
3698280
3698488
3698619
3698783
3699041
3699107
3699190
3699205
3699286
3699298
3699434
3699445
3699476
3699843
3699850
3699978
