5502332
5502664
5504016
5507024
5507713
5508223
5513058
5513613
5514070
5514092
5516554
5518027
5521686
5529012
5530572
5531135
5531525
5531706
5533360
5539158
5541254
5541923
5542322
5545006
5546206
5546528
5547143
5548160
5548317
5550835
5551722
5553891
5555599
5559962
5561506
5562463
5565273
5567003
5567801
5567867
5567902
5569022
5570413
5571407
5571773
5573639
5574314
5574755
5575468
5575573
5577829
5578905
5581037
5583109
5583247
5583637
5583812
5583840
5584761
5586570
5586742
5589975
5590614
5595003
5595069
5595689
5597503
5598953
5500097
5500116
5500200
5500276
5500333
5500371
5500824
5500949
5501108
5501147
5501171
5501283
5501388
5501392
5501427
5501531
5501617
5502066
5502156
5502288
5502375
5502397
5502413
5502480
5502576
5502679
5502963
5503219
5503248
5503408
5503502
5503543
5503568
5503577
5503638
5503691
5503700
5503745
5503776
5504077
5504095
5504132
5504220
5504247
5504266
5504334
5504455
5504481
5504535
5504641
5504773
5504831
5504879
5504987
5505004
5505117
5505176
5505239
5505243
5505277
5505403
5505491
5505555
5505865
5506227
5506296
5506483
5506556
5506616
5506729
5506753
5506917
5506934
5506952
5507007
5507114
5507210
5507242
5507312
5507323
5507357
5507484
5507530
5507551
5507609
5507683
5507754
5507915
5508014
5508070
5508088
5508303
5508325
5508434
5508532
5508673
5508759
5508954
5508999
5509034
5509093
5509127
5509130
5509299
5509316
5509384
5509470
5509492
5509582
5509681
5509711
5509887
5509979
5510072
5510225
5510331
5510386
5510402
5510416
5510611
5510660
5510701
5510722
5510754
5510971
5510982
5511013
5511078
5511131
5511157
5511248
5511433
5511516
5511543
5511656
5511941
5512023
5512040
5512064
5512086
5512101
5512154
5512355
5512381
5512411
5512460
5512714
5512753
5512833
5512882
5512917
5512945
5513121
5513200
5513228
5513347
5513514
5513725
5513738
5513791
5513848
5514041
5514065
5514279
5514338
5514417
5514434
5514445
5514532
5514649
5514662
5514696
5514720
5514782
5514901
5515020
5515071
5515237
5515383
5515454
5515561
5515576
5515686
5515768
5515804
5516095
5516361
5516419
5516641
5516665
5516704
5516762
5516969
5516991
5517076
5517127
5517151
5517162
5517246
5517254
5517377
5517414
5517465
5517470
5517571
5517912
5518176
5518202
5518250
5518268
5518295
5518367
5518572
5518682
5518757
5518892
5518944
5519069
5519171
5519194
5519226
5519531
5519564
5519617
5519748
5519763
5519772
5519854
5519939
5519977
5520124
5520231
5520369
5520526
5520673
5520954
5521020
5521103
5521110
5521413
5521435
5521446
5521545
5521612
5521827
5521830
5521896
5522171
5522244
5522337
5522353
5522370
5522388
5522392
5522579
5522628
5522661
5522748
5522867
5523134
5523161
5523284
5523378
5523425
5523491
5523519
5523555
5523581
5523682
5523723
5523757
5523786
5523853
5523932
5524106
5524210
5524323
5524450
5524477
5524484
5524495
5524551
5524971
5524994
5525067
5525099
5525105
5525415
5525494
5525638
5525700
5525761
5525793
5525844
5525897
5525914
5526052
5526149
5526213
5526235
5526302
5526377
5526520
5526582
5526624
5526744
5526825
5526874
5526912
5526964
5526979
5527002
5527158
5527197
5527259
5527282
5527294
5527455
5527472
5527513
5527749
5527910
5528168
5528177
5528217
5528245
5528293
5528347
5528622
5528848
5528890
5528904
5529146
5529227
5529249
5529324
5529444
5529460
5529510
5529695
5529820
5529934
5530004
5530018
5530030
5530051
5530100
5530128
5530239
5530301
5530536
5530731
5530779
5530958
5531005
5531079
5531098
5531154
5531180
5531273
5531503
5531591
5531695
5531770
5531871
5531928
5531989
5532207
5532304
5532669
5532687
5532858
5532970
5533033
5533059
5533082
5533110
5533253
5533270
5533288
5533401
5533422
5533467
5533480
5533545
5533818
5533849
5533963
5533981
5533990
5534000
5534093
5534173
5534185
5534384
5534414
5534441
5534508
5534571
5534709
5534783
5534940
5534964
5535121
5535143
5535308
5535347
5535366
5535382
5535479
5535541
5535553
5535601
5535699
5535725
5535881
5536038
5536232
5536427
5536579
5536598
5536600
5536645
5536724
5537212
5537264
5537476
5537489
5537696
5537720
5537802
5537895
5537946
5538063
5538129
5538192
5538386
5538439
5538495
5538746
5538817
5538845
5538933
5539021
5539039
5539068
5539077
5539095
5539247
5539259
5539334
5539490
5539567
5539580
5539599
5539629
5539718
5539864
5539898
5539910
5539938
5540105
5540207
5540349
5540550
5540595
5540603
5540638
5540669
5540674
5540691
5540826
5540844
5540937
5540965
5541093
5541339
5541343
5541377
5541384
5541441
5541533
5541607
5541726
5541810
5541856
5541998
5542004
5542027
5542085
5542193
5542243
5542295
5542442
5542536
5542608
5542647
5542779
5542829
5542892
5542926
5542997
5543042
5543069
5543159
5543283
5543297
5543314
5543341
5543496
5543523
5543661
5543878
5543916
5543921
5543950
5543968
5544005
5544023
5544031
5544122
5544135
5544251
5544273
5544355
5544363
5544381
5544426
5544497
5544538
5544621
5544677
5544753
5544833
5544928
5544934
5545088
5545155
5545163
5545181
5545205
5545286
5545489
5545558
5545597
5545604
5545627
5545649
5545766
5545821
5545839
5546033
5546174
5546187
5546237
5546288
5546401
5546422
5546552
5546576
5546657
5546686
5546795
5546851
5546936
5546990
5547276
5547315
5547394
5547405
5547440
5547486
5547506
5547537
5547678
5547680
5547725
5547930
5547951
5548016
5548021
5548095
5548183
5548345
5548361
5548376
5548419
5548546
5548704
5548773
5548796
5548925
5549055
5549210
5549274
5549416
5549468
5549767
5549799
5549915
5549947
5549982
5550010
5550147
5550182
5550211
5550244
5550258
5550297
5550365
5550418
5550485
5550676
5550755
5551153
5551357
5551484
5551746
5551754
5551778
5551915
5551966
5552148
5552223
5552325
5552417
5552583
5552604
5552771
5552821
5552843
5552978
5552999
5553000
5553045
5553093
5553130
5553201
5553278
5553339
5553384
5553414
5553437
5553488
5553582
5553655
5553758
5553760
5553869
5554033
5554047
5554191
5554253
5554265
5554446
5554739
5554795
5554862
5554907
5555043
5555132
5555259
5555407
5555436
5555463
5555472
5555578
5555637
5555641
5555688
5555730
5555785
5555823
5555942
5555956
5555974
5555987
5556004
5556193
5556322
5556367
5556438
5556548
5556757
5556814
5556829
5556841
5557054
5557164
5557255
5557351
5557385
5557408
5557539
5557550
5557568
5557577
5557638
5557700
5557734
5557811
5557860
5557875
5558005
5558167
5558180
5558307
5558348
5558363
5558639
5558684
5558695
5558753
5558815
5558820
5558833
5558961
5559060
5559102
5559116
5559412
5559423
5559464
5559479
5559514
5559592
5559667
5559699
5559710
5559769
5559791
5559807
5559872
5559930
5559996
5560017
5560185
5560196
5560246
5560343
5560437
5560559
5560624
5560838
5560874
5560940
5560964
5561058
5561097
5561102
5561412
5561699
5561791
5561863
5561890
5562111
5562197
5562220
5562247
5562282
5562328
5562352
5562419
5562448
5562665
5562925
5562938
5563129
5563137
5563203
5563269
5563357
5563379
5563443
5563573
5563754
5564004
5564346
5564491
5564608
5564615
5564647
5564731
5564892
5564932
5564944
5564958
5565012
5565057
5565101
5565355
5565411
5565460
5565510
5565587
5565591
5565602
5565741
5565753
5565808
5565820
5565847
5565866
5565945
5565961
5566037
5566088
5566124
5566257
5566338
5566356
5566387
5566526
5566544
5566649
5566884
5566999
5567038
5567042
5567074
5567297
5567598
5567676
5567707
5567763
5567880
5567899
5568066
5568103
5568156
5568265
5568311
5568358
5568422
5568435
5568480
5568517
5568593
5568631
5568698
5568702
5568830
5568862
5568981
5569281
5569330
5569362
5569502
5569516
5569521
5569717
5569728
5569832
5569965
5569988
5570071
5570214
5570435
5570528
5570576
5570593
5570612
5570686
5570698
5570851
5570873
5570936
5570955
5570972
5571144
5571389
5571436
5571653
5571812
5571879
5571956
5571991
5572116
5572143
5572200
5572217
5572315
5572366
5573023
5573101
5573167
5573199
5573230
5573262
5573355
5573426
5573475
5573510
5573525
5573668
5573753
5573788
5574038
5574166
5574226
5574258
5574329
5574404
5574523
5574707
5574748
5574801
5575036
5575063
5575072
5575129
5575203
5575287
5575632
5575701
5575834
5575845
5575915
5575994
5576035
5576105
5576140
5576255
5576281
5576330
5576408
5576433
5576447
5576603
5576610
5576642
5576745
5576752
5576793
5576937
5577018
5577049
5577128
5577202
5577221
5577243
5577250
5577322
5577519
5577590
5577608
5577659
5577723
5577814
5577997
5578093
5578149
5578185
5578607
5578758
5578783
5578887
5578964
5578986
5579092
5579190
5579257
5579286
5579417
5579428
5579651
5579720
5579821
5579850
5579913
5579946
5579967
5580012
5580086
5580122
5580204
5580251
5580262
5580296
5580363
5580426
5580483
5580569
5580574
5580616
5580695
5580706
5580788
5580866
5581205
5581279
5581417
5581428
5581532
5581560
5581662
5581673
5581782
5581884
5581978
5582106
5582165
5582203
5582291
5582331
5582398
5582439
5582504
5582530
5582722
5582933
5583084
5583259
5583352
5583407
5583472
5583567
5583606
5583670
5583692
5583831
5584046
5584080
5584207
5584255
5584844
5584906
5584937
5585045
5585118
5585254
5585278
5585321
5585441
5585520
5585619
5585624
5585726
5585760
5585775
5586143
5586217
5586252
5586293
5586359
5586394
5586506
5586529
5586738
5586756
5586769
5586855
5586918
5587125
5587288
5587292
5587311
5587326
5587631
5587702
5587743
5587830
5587948
5588010
5588038
5588120
5588133
5588182
5588283
5588388
5588392
5588449
5588496
5588628
5588724
5588790
5588801
5588878
5589380
5589425
5589581
5589590
5589671
5589694
5589712
5589870
5589888
5589960
5590068
5590077
5590132
5590144
5590259
5590294
5590300
5590317
5590393
5590472
5590546
5590665
5590831
5590857
5590969
5591004
5591030
5591051
5591367
5591438
5591491
5591548
5591694
5591926
5591932
5592017
5592130
5592162
5592201
5592377
5592395
5592429
5592465
5592711
5592744
5592783
5592803
5592838
5592842
5592887
5592891
5592940
5592957
5592964
5593041
5593065
5593155
5593172
5593400
5593597
5593662
5593685
5593708
5593733
5593771
5593816
5594009
5594032
5594044
5594058
5594075
5594097
5594102
5594234
5594308
5594592
5594622
5594699
5594703
5594742
5594774
5594791
5594951
5595025
5595115
5595260
5595297
5595329
5595661
5595801
5595939
5595950
5596048
5596055
5596090
5596129
5596153
5596188
5596238
5596439
5596609
5596852
5596933
5596947
5596966
5596982
5597005
5597101
5597262
5597390
5597432
5597458
5597621
5597677
5597871
5598219
5598290
5598318
5598349
5598494
5598603
5598642
5598656
5598844
5598875
5598897
5598965
5599008
5599206
5599253
5599270
5599332
5599401
5599499
5599716
5599721
5599743
5599750
5599818
5599862
5500139
5500177
5500553
5500678
5500699
5501462
5501835
5502059
5502500
5502827
5502862
5503186
5503198
5503584
5503858
5503988
5504727
5505161
5505563
5505712
5505731
5506262
5506348
5506587
5507129
5507141
5507398
5507439
5507468
5507562
5507585
5507800
5507852
5508092
5508627
5508685
5508771
5508935
5509775
5510137
5510203
5510364
5510562
5510933
5511035
5511224
5511362
5512098
5512178
5513097
5514747
5515191
5515467
5515885
5516220
5516266
5516300
5518100
5518301
5518487
5518563
5518705
5518712
5518806
5518960
5519523
5519724
5520065
5520387
5520489
5520759
5521174
5521383
5521397
5521499
5521698
5521972
5522977
5523221
5524242
5524632
5525396
5525745
5526089
5526384
5526441
5526803
5527751
5527812
5527857
5528060
5528116
5528150
5528405
5529122
5529363
5529591
5529714
5529847
5530193
5530295
5530403
5530474
5530870
5530909
5530926
5531031
5531324
5531741
5532502
5532691
5533066
5533664
5534316
5534931
5535083
5535102
5535168
5535412
5535774
5535791
5535807
5536430
5536540
5536943
5537257
5538210
5538683
5538701
5539132
5539160
5539805
5539879
5540035
5540186
5540255
5540327
5541061
5541566
5541663
5541891
5542399
5542474
5542659
5542814
5543388
5543531
5543724
5543846
5544218
5544458
5544587
5545119
5545212
5545417
5547026
5547347
5547791
5548501
5548580
5548670
5548831
5550392
5550772
5551036
5551468
5551982
5552172
5552205
5552618
5552630
5553076
5553196
5553267
5553441
5553624
5553690
5554020
5554288
5554721
5555233
5555328
5555546
5555749
5555773
5555812
5556145
5556865
5557207
5557466
5557970
5558483
5558538
5558792
5559195
5559824
5559918
5560076
5560321
5560797
5561371
5561570
5561601
5562567
5562614
5562796
5562879
5562956
5562991
5563048
5563192
5563402
5563551
5563780
5563817
5563889
5564152
5564301
5564367
5564694
5565135
5565154
5565348
5565639
5565976
5566264
5566342
5566509
5566618
5567108
5567748
5567995
5568008
5568214
5568589
5569080
5569373
5569603
5569700
5570716
5571002
5571126
5571175
5571294
5571328
5572102
5572195
5572276
5572738
5572791
5573273
5573285
5573324
5574042
5574171
5574182
5574557
5575024
5575562
5576013
5576351
5576415
5576809
5576906
5577380
5577633
5577865
5578127
5578246
5578267
5578619
5578681
5579544
5580031
5580180
5580952
5580961
5581816
5582357
5583144
5583282
5583328
5583796
5584078
5584272
5584281
5584466
5585127
5585173
5585339
5585350
5585465
5585533
5585655
5586032
5586228
5586234
5586289
5586848
5587191
5587344
5587924
5587963
5588115
5588634
5588846
5589403
5589507
5589555
5589572
5589798
5589958
5590606
5590956
5591096
5591474
5591524
5591786
5591865
5591911
5592384
5592619
5592636
5592758
5592979
5593014
5593037
5593070
5593452
5593794
5594150
5594289
5594635
5595244
5595392
5595449
5595634
5596256
5596754
5596767
5597355
5597497
5597684
5598046
5598164
5598327
5598459
5598466
5599103
5599125
5599191
5599344
