4301668
4307696
4308530
4310946
4311907
4316912
4317629
4319230
4324452
4326886
4328548
4329719
4331586
4332657
4333186
4334805
4337210
4340499
4341215
4343538
4353864
4356116
4358297
4358645
4360132
4362825
4364635
4367079
4368494
4371810
4374307
4374411
4374458
4374753
4374882
4374894
4375092
4379477
4380846
4382978
4388355
4392567
4393364
4393530
4393746
4395587
4397661
4398593
4300176
4300250
4300313
4300380
4300536
4300712
4300723
4300806
4301012
4301031
4301057
4301064
4301098
4301178
4301296
4301348
4301483
4301556
4301574
4301770
4301788
4301847
4301871
4301928
4301945
4302001
4302164
4302521
4302717
4302776
4302789
4302897
4303015
4303094
4303156
4303265
4303311
4303401
4303561
4303576
4303873
4303981
4304017
4304045
4304061
4304149
4304508
4304775
4304979
4305143
4305184
4305217
4305245
4305308
4305366
4305371
4305423
4305440
4305498
4305570
4305699
4305710
4305725
4305819
4305836
4305855
4305930
4306042
4306056
4306069
4306074
4306260
4306337
4306404
4306451
4306523
4306719
4306724
4306748
4306763
4306781
4306950
4306977
4307303
4307391
4307489
4307604
4307649
4307766
4307794
4307967
4307999
4308036
4308048
4308063
4308072
4308090
4308242
4308291
4308477
4308562
4308573
4308626
4308778
4308817
4308845
4308915
4308920
4308959
4308994
4309068
4309247
4309271
4309455
4309463
4309762
4309840
4309879
4309991
4310037
4310088
4310286
4310338
4310374
4310387
4310445
4310452
4310868
4310895
4311020
4311187
4311214
4311237
4311480
4311517
4311561
4311679
4311873
4311955
4311981
4312010
4312056
4312171
4312182
4312244
4312260
4312329
4312661
4312790
4312939
4312950
4313085
4313096
4313250
4313277
4313378
4313403
4313425
4313519
4313608
4313682
4313723
4313731
4313837
4313997
4314007
4314048
4314072
4314165
4314495
4314527
4314658
4314735
4314908
4315022
4315099
4315255
4315373
4315433
4315447
4315466
4315482
4315543
4315568
4315584
4315745
4315897
4315970
4316061
4316118
4316201
4316395
4316453
4316492
4316547
4316636
4316711
4316797
4316887
4316957
4316964
4317039
4317111
4317160
4317175
4317183
4317197
4317345
4317419
4317424
4317436
4317463
4317641
4317751
4317812
4317925
4317938
4318060
4318228
4318276
4318366
4318371
4318529
4318654
4318699
4318703
4318848
4318872
4318930
4318962
4319031
4319040
4319098
4319101
4319167
4319409
4319616
4319639
4319643
4319650
4319668
4319741
4319788
4319820
4319866
4319993
4320106
4320153
4320170
4320274
4320340
4320386
4320484
4320527
4320697
4320780
4320908
4320994
4321067
4321198
4321224
4321236
4321255
4321263
4321396
4321408
4321669
4321734
4321745
4321776
4321929
4321937
4321988
4322040
4322122
4322180
4322199
4322363
4322591
4322621
4322706
4322770
4322815
4322989
4323083
4323289
4323333
4323371
4323382
4323394
4323848
4323863
4323918
4324037
4324088
4324136
4324181
4324190
4324240
4324369
4324434
4324476
4324489
4324509
4324558
4324685
4324696
4324782
4324913
4325020
4325059
4325103
4325156
4325241
4325309
4325326
4325332
4325375
4325383
4325401
4325478
4325605
4325612
4325686
4325698
4325743
4325750
4325818
4325849
4326095
4326111
4326197
4326300
4326334
4326448
4326501
4326554
4326879
4326991
4327076
4327093
4327127
4327185
4327267
4327377
4327465
4327488
4327508
4327663
4327672
4327825
4327874
4327923
4328004
4328062
4328100
4328152
4328189
4328250
4328268
4328301
4328346
4328507
4328590
4328666
4328723
4328909
4329003
4329010
4329069
4329182
4329244
4329260
4329337
4329388
4329473
4329496
4329617
4329628
4329634
4329781
4329878
4329968
4330011
4330083
4330102
4330116
4330143
4330234
4330359
4330366
4330412
4330498
4330529
4330565
4330601
4330807
4330824
4330848
4330904
4330996
4331042
4331194
4331209
4331260
4331329
4331564
4331822
4332020
4332082
4332142
4332360
4332446
4332467
4332517
4332623
4332640
4332698
4332702
4332739
4332750
4332777
4332795
4332907
4332981
4333164
4333179
4333207
4333272
4333304
4333420
4333447
4333577
4333860
4333883
4333970
4333988
4334002
4334043
4334077
4334144
4334300
4334345
4334376
4334393
4334407
4334490
4334578
4334637
4334653
4334773
4334812
4334903
4334991
4335004
4335018
4335100
4335193
4335239
4335456
4335474
4335563
4335615
4335666
4335723
4335779
4335806
4335997
4336098
4336444
4336503
4336510
4336556
4336765
4336788
4336961
4336976
4337129
4337165
4337450
4337530
4337549
4337701
4338155
4338231
4338298
4338310
4338391
4338461
4338627
4338720
4338771
4338802
4338839
4338935
4338967
4339061
4339104
4339173
4339185
4339196
4339246
4339278
4339339
4339732
4339803
4339810
4340015
4340169
4340214
4340288
4340344
4340375
4340435
4340478
4340480
4340623
4340640
4340750
4340795
4340862
4340873
4340990
4341328
4341419
4341653
4341665
4341762
4341857
4341910
4341956
4342184
4342315
4342371
4342464
4342479
4342622
4342855
4342985
4343363
4343458
4343556
4343602
4343668
4343714
4343788
4343815
4343900
4343917
4343952
4344074
4344087
4344091
4344226
4344337
4344392
4344404
4344449
4344564
4344693
4344707
4344724
4344813
4344835
4344943
4344968
4344995
4345081
4345090
4345170
4345242
4345256
4345305
4345357
4345468
4345527
4345573
4345609
4345632
4345701
4345834
4346105
4346164
4346219
4346224
4346304
4346327
4346349
4346521
4346642
4346745
4346752
4346860
4346897
4346906
4346929
4347027
4347030
4347062
4347096
4347128
4347145
4347354
4347367
4347399
4347474
4347536
4347555
4347712
4347731
4347806
4347837
4348017
4348028
4348052
4348104
4348196
4348201
4348302
4348316
4348321
4348350
4348395
4348508
4348619
4348709
4348758
4348838
4348842
4348869
4348874
4349029
4349070
4349092
4349136
4349205
4349434
4349445
4349526
4349627
4349651
4349708
4349747
4349794
4350101
4350218
4350251
4350458
4350574
4350587
4350616
4350621
4350639
4350668
4350684
4350882
4350934
4351041
4351065
4351088
4351155
4351387
4351417
4351434
4351558
4351627
4351766
4351901
4351954
4352287
4352398
4352484
4352609
4352660
4352683
4352735
4352746
4352780
4352852
4352876
4352893
4352908
4352959
4353144
4353215
4353271
4353300
4353522
4353670
4353796
4354001
4354013
4354054
4354186
4354263
4354318
4354349
4354385
4354482
4354543
4354669
4354700
4354789
4354811
4354953
4355034
4355061
4355104
4355254
4355280
4355350
4355636
4355869
4356060
4356083
4356139
4356228
4356234
4356261
4356276
4356320
4356570
4356678
4356725
4356738
4356769
4356881
4356890
4356985
4357265
4357397
4357552
4357698
4357721
4357830
4357849
4357936
4358159
4358211
4358306
4358329
4358353
4358430
4358598
4358939
4359030
4359073
4359193
4359216
4359239
4359354
4359367
4359378
4359399
4359425
4359469
4359705
4359909
4360002
4360158
4360215
4360266
4360334
4360352
4360376
4360580
4360823
4361062
4361073
4361145
4361250
4361295
4361301
4361548
4361572
4361581
4361666
4361705
4361757
4361786
4361814
4361892
4361909
4362173
4362302
4362339
4362368
4362437
4362515
4362533
4362582
4362624
4362711
4363014
4363088
4363092
4363119
4363148
4363298
4363400
4363417
4363511
4363532
4363649
4363662
4363715
4363747
4363816
4364139
4364143
4364289
4364359
4364366
4364464
4364565
4364738
4364742
4364774
4364890
4364927
4364996
4365042
4365074
4365133
4365194
4365297
4365427
4365523
4365736
4365790
4365801
4365867
4365968
4365977
4366063
4366072
4366114
4366165
4366225
4366398
4366549
4366611
4366644
4366852
4366876
4366893
4367023
4367031
4367057
4367154
4367180
4367204
4367251
4367336
4367372
4367411
4367426
4367621
4367737
4368080
4368099
4368112
4368131
4368157
4368224
4368272
4368373
4368482
4368539
4368550
4368717
4368789
4368883
4368988
4369033
4369265
4369326
4369401
4369435
4369534
4369561
4369623
4369698
4369721
4369743
4369948
4370035
4370140
4370186
4370207
4370304
4370330
4370385
4370466
4370521
4370883
4371000
4371104
4371278
4371429
4371453
4371492
4371508
4371582
4371624
4371803
4371825
4372030
4372049
4372128
4372189
4372284
4372301
4372346
4372615
4372757
4372806
4372853
4372865
4373306
4373314
4373418
4373598
4373689
4373755
4373772
4373921
4373995
4374023
4374086
4374355
4374444
4374650
4374741
4374833
4374928
4374945
4375014
4375070
4375124
4375136
4375205
4375286
4375303
4375452
4375461
4375476
4375618
4376020
4376094
4376125
4376142
4376174
4376265
4376383
4376467
4376480
4376679
4376716
4376721
4376777
4376818
4376851
4377097
4377143
4377150
4377228
4377252
4377261
4377293
4377333
4377359
4377394
4377431
4377570
4377601
4377654
4377824
4377855
4377996
4378021
4378068
4378247
4378271
4378300
4378328
4378352
4378436
4378455
4378513
4378762
4378812
4378925
4378969
4378987
4379238
4379242
4379340
4379468
4379518
4379551
4379626
4379632
4379658
4379660
4380003
4380025
4380056
4380182
4380314
4380485
4380801
4380878
4381019
4381114
4381141
4381170
4381256
4381312
4381323
4381450
4381495
4381504
4381658
4381697
4381915
4381982
4382088
4382124
4382172
4382205
4382342
4382391
4382417
4382673
4382733
4382782
4382868
4382877
4383089
4383246
4383278
4383339
4383368
4383470
4383636
4383803
4383838
4384082
4384094
4384467
4384480
4384528
4384561
4384612
4384743
4384777
4385144
4385160
4385175
4385266
4385389
4385463
4385481
4385501
4385578
4385692
4385805
4385812
4385974
4386027
4386085
4386096
4386176
4386425
4386438
4386469
4386572
4386682
4386779
4386814
4386837
4386841
4386870
4386975
4387013
4387046
4387224
4387281
4387349
4387447
4387466
4387610
4387728
4387789
4387844
4387897
4388079
4388510
4388714
4388770
4388900
4388989
4389143
4389168
4389514
4389537
4389592
4389678
4389738
4389787
4389930
4389962
4389985
4390492
4390547
4390559
4390624
4390663
4390726
4390887
4390998
4391011
4391075
4391097
4391168
4391184
4391333
4391412
4391457
4391479
4391601
4391622
4391635
4391791
4391881
4392016
4392352
4392436
4392455
4392554
4392773
4392879
4392991
4393072
4393269
4393331
4393443
4393585
4393780
4393982
4394027
4394030
4394152
4394176
4394221
4394268
4394346
4394442
4394615
4394694
4394740
4394911
4394926
4395079
4395113
4395227
4395285
4395525
4395574
4395621
4395792
4395859
4395993
4396053
4396107
4396298
4396338
4396369
4396391
4396400
4396526
4396532
4396649
4396733
4396759
4396802
4396821
4397003
4397120
4397182
4397258
4397341
4397353
4397430
4397485
4397579
4397755
4397772
4398008
4398047
4398156
4398237
4398326
4398480
4398768
4398830
4398972
4399001
4399035
4399054
4399112
4399140
4399219
4399236
4399408
4399433
4399482
4399502
4399691
4399700
4399929
4399953
4300051
4300425
4300524
4301122
4301285
4301363
4301729
4302123
4302157
4302466
4302809
4303047
4303480
4303640
4304515
4304636
4304825
4305150
4305553
4306025
4306133
4306867
4306880
4307673
4307715
4308713
4308982
4309197
4309481
4309641
4309910
4310065
4310400
4310560
4310696
4310771
4311033
4311110
4311640
4311721
4311963
4312473
4312628
4313491
4313555
4313926
4314137
4314331
4314386
4314477
4314484
4314644
4314713
4314799
4314889
4314959
4315224
4315318
4316127
4316302
4317002
4317050
4317233
4317578
4317688
4317987
4318102
4319426
4319770
4319833
4320549
4320683
4321123
4321674
4321826
4321970
4322154
4322230
4323431
4323479
4323514
4323791
4324708
4324877
4325015
4325454
4326021
4326345
4326749
4327104
4327856
4328049
4328085
4328367
4328410
4328932
4328983
4329091
4329166
4329297
4330646
4330930
4331337
4331485
4331617
4331628
4331790
4331902
4332059
4333080
4333433
4333494
4334606
4334665
4334796
4335250
4335335
4335410
4335519
4335888
4336569
4336574
4337063
4337658
4338006
4338148
4338387
4338597
4338733
4339130
4339316
4339377
4339533
4339547
4339571
4339891
4339998
4340103
4340156
4340187
4340270
4340311
4340818
4341050
4341084
4341812
4341840
4343098
4343204
4343230
4343390
4343444
4343741
4343882
4344038
4344950
4345072
4345137
4345626
4345845
4346013
4346433
4346471
4346953
4347161
4347268
4347284
4347608
4347723
4347975
4348470
4348760
4348825
4348905
4349107
4349575
4349766
4349946
4350411
4351286
4351604
4351673
4351843
4352036
4352165
4352225
4352274
4352767
4353352
4353424
4353535
4354080
4354248
4354304
4354327
4354761
4355267
4355339
4355470
4355607
4356026
4356058
4356588
4356592
4356703
4356824
4357332
4357851
4358025
4358531
4359085
4359507
4359548
4359682
4359983
4360282
4360599
4360718
4361354
4361399
4361911
4362222
4362726
4362797
4363006
4363240
4363493
4363618
4363627
4364680
4364699
4364855
4365056
4365275
4365939
4366170
4366274
4366504
4366518
4366609
4366767
4367218
4369499
4369552
4370131
4370290
4370610
4371185
4371441
4371986
4372216
4372410
4372491
4372536
4372671
4372740
4372837
4373147
4373171
4373628
4374040
4374788
4375445
4375558
4376309
4376702
4376804
4377234
4377440
4377678
4377725
4377848
4378215
4378259
4378424
4378463
4379192
4380133
4380707
4380916
4381331
4381416
4381527
4381735
4381947
4382303
4382338
4382560
4382821
4383127
4383185
4383533
4384020
4384795
4385002
4385334
4385942
4386798
4387330
4387906
4388409
4388460
4389646
4389996
4390655
4391245
4391699
4391848
4391918
4392043
4392606
4392785
4393379
4394410
4394958
4395961
4396119
4396279
4396476
4396839
4396868
4397404
4397462
4397748
4397880
4397984
4398214
4398270
4398795
4399669
4399728
