3200853
3200909
3203241
3204624
3207715
3211750
3212661
3212899
3214019
3214889
3217513
3217606
3218293
3218787
3219230
3225066
3229306
3231790
3234039
3244462
3246992
3247335
3248299
3248571
3249181
3250917
3252153
3253068
3254875
3259442
3263967
3264097
3264949
3265232
3266340
3266530
3268123
3268577
3269413
3273074
3277529
3279192
3279658
3279959
3281357
3283034
3284446
3285665
3285670
3289667
3290350
3291315
3291951
3296511
3298499
3200027
3200189
3200216
3200322
3200367
3200380
3200519
3200563
3200620
3200723
3200983
3201218
3201227
3201251
3201336
3201591
3201621
3201668
3201765
3201815
3201976
3202248
3202318
3202396
3202516
3202577
3202687
3202734
3202745
3202860
3202914
3202965
3203206
3203288
3203605
3203623
3203640
3203657
3203702
3203990
3204213
3204278
3204280
3204350
3204377
3204515
3204594
3204648
3204690
3204810
3204887
3204912
3205011
3205083
3205177
3205529
3205565
3205601
3205635
3205646
3205769
3205807
3206010
3206115
3206159
3206260
3206297
3206451
3206485
3206523
3206689
3206813
3207092
3207148
3207205
3207342
3207369
3207526
3207532
3207560
3207802
3207843
3207895
3208063
3208072
3208106
3208256
3208331
3208484
3208530
3208596
3208713
3208915
3209077
3209084
3209111
3209144
3209215
3209317
3209361
3209436
3209580
3209606
3209629
3209670
3209730
3209749
3209762
3209796
3209987
3210037
3210053
3210190
3210452
3210493
3210604
3210630
3210782
3210843
3211033
3211094
3211169
3211174
3211187
3211288
3211344
3211383
3211413
3211435
3211467
3211480
3211500
3211534
3211623
3211679
3211739
3211784
3211851
3211919
3211924
3211972
3212056
3212091
3212194
3212258
3212418
3212586
3212598
3212634
3212719
3212867
3212880
3213004
3213085
3213216
3213243
3213313
3213378
3213410
3213536
3213608
3213615
3213659
3213666
3213740
3213757
3213764
3213932
3214007
3214225
3214331
3214357
3214379
3214416
3214443
3214450
3214468
3214484
3214527
3214658
3214660
3214713
3214828
3214834
3214861
3214920
3215035
3215207
3215304
3215415
3215459
3215466
3215776
3215809
3215844
3215929
3215937
3215953
3215992
3216254
3216302
3216339
3216343
3216350
3216856
3216869
3216874
3216887
3216891
3216957
3216979
3216986
3217039
3217215
3217455
3217773
3217812
3217886
3217987
3218011
3218060
3218075
3218289
3218440
3218498
3218622
3218848
3218855
3218904
3218927
3218962
3219079
3219154
3219199
3219372
3219510
3219587
3219770
3219815
3219882
3219917
3219993
3220024
3220081
3220170
3220192
3220291
3220331
3220443
3220495
3220562
3220626
3220632
3220644
3220845
3220889
3220966
3220982
3221186
3221198
3221263
3221281
3221362
3221385
3221433
3221482
3221603
3221734
3221811
3221953
3221988
3221992
3222012
3222086
3222122
3222135
3222227
3222262
3222336
3222390
3222460
3222497
3222616
3222643
3222668
3223177
3223261
3223315
3223405
3223680
3223819
3223927
3224053
3224065
3224163
3224190
3224212
3224286
3224325
3224493
3224604
3224696
3224766
3224895
3224913
3225082
3225237
3225397
3225480
3225500
3225528
3225534
3225561
3225739
3225907
3225955
3225990
3226039
3226043
3226220
3226334
3226472
3226599
3226670
3226773
3226886
3226898
3226903
3226938
3226987
3227149
3227196
3227201
3227299
3227384
3227488
3227571
3227607
3227624
3227711
3227783
3227856
3227874
3227887
3227998
3228085
3228096
3228128
3228161
3228239
3228335
3228367
3228438
3228608
3228666
3228705
3228870
3229038
3229166
3229182
3229370
3229427
3229462
3229505
3229531
3229600
3229707
3229781
3229835
3229846
3229916
3229950
3230139
3230228
3230234
3230276
3230506
3230836
3230930
3230962
3231166
3231226
3231244
3231628
3231676
3231748
3231755
3231899
3231939
3232103
3232142
3232174
3232214
3232241
3232413
3232446
3232589
3232605
3232716
3233131
3233236
3233248
3233304
3233385
3233415
3233577
3233610
3233717
3233897
3233906
3233965
3234002
3234068
3234111
3234144
3234183
3234282
3234389
3234407
3234436
3234455
3234481
3234522
3234606
3234688
3234718
3234727
3234749
3234762
3234773
3234823
3234879
3234910
3234925
3234969
3235004
3235030
3235049
3235100
3235202
3235277
3235354
3235469
3235524
3235590
3235694
3235712
3235975
3236031
3236079
3236098
3236348
3236363
3236426
3236460
3236497
3236808
3236820
3236847
3236882
3236928
3236945
3236989
3237129
3237170
3237238
3237340
3237530
3237551
3237735
3237754
3237778
3237845
3237889
3237920
3238088
3238092
3238212
3238240
3238257
3238374
3238387
3238816
3238843
3238967
3238980
3239052
3239061
3239127
3239173
3239267
3239395
3239492
3239559
3239681
3239744
3239931
3239979
3240008
3240169
3240237
3240270
3240480
3240499
3240593
3240657
3240777
3240830
3240936
3241334
3241352
3241665
3241704
3241751
3241857
3241886
3241942
3241991
3242252
3242276
3242347
3242537
3242565
3242654
3242710
3242742
3242824
3242973
3242996
3243064
3243098
3243113
3243154
3243178
3243262
3243363
3243432
3243510
3243525
3243538
3243714
3243808
3243945
3243989
3243993
3244010
3244038
3244283
3244306
3244353
3244370
3244505
3244531
3244676
3244693
3244719
3244939
3245106
3245165
3245269
3245484
3245562
3245632
3245800
3245971
3246001
3246013
3246099
3246236
3246290
3246351
3246482
3246539
3246550
3246728
3246776
3246883
3246897
3247027
3247030
3247049
3247085
3247100
3247152
3247239
3247491
3247524
3247620
3247779
3247786
3248089
3248118
3248127
3248162
3248185
3248316
3248488
3248663
3248681
3248711
3248775
3248825
3248838
3248912
3249014
3249417
3249575
3249604
3249662
3249771
3249877
3250154
3250249
3250273
3250390
3250503
3250542
3250621
3250650
3250729
3250788
3250847
3250894
3250961
3250976
3251172
3251223
3251257
3251391
3251662
3251747
3251771
3251901
3251913
3251935
3251980
3252024
3252090
3252137
3252170
3252225
3252398
3252585
3252701
3252735
3252778
3253039
3253109
3253220
3253247
3253266
3253300
3253472
3253546
3253554
3253580
3253665
3253773
3253805
3253910
3254207
3254290
3254327
3254521
3254638
3254656
3254687
3254700
3254752
3254793
3254858
3254883
3254897
3254906
3255017
3255093
3255151
3255185
3255299
3255368
3255465
3255492
3255838
3255986
3255998
3256044
3256200
3256252
3256293
3256347
3256359
3256394
3256405
3256431
3256479
3256601
3256613
3256678
3256756
3256774
3256787
3256807
3256824
3256872
3256930
3257008
3257033
3257214
3257358
3257360
3257446
3257500
3257589
3257605
3257631
3257702
3257743
3257777
3257849
3257972
3258115
3258147
3258166
3258171
3258211
3258275
3258353
3258449
3258512
3258628
3258645
3258693
3258801
3258878
3258880
3258899
3258902
3259134
3259284
3259295
3259367
3259380
3259507
3259572
3259705
3259798
3259837
3259911
3260002
3260111
3260158
3260197
3260220
3260300
3260334
3260376
3260393
3260580
3260606
3260762
3260886
3260925
3260956
3260987
3261049
3261268
3261410
3261425
3261608
3261615
3261620
3261633
3261671
3261764
3261806
3261870
3261892
3261932
3261997
3262280
3262343
3262453
3262470
3262547
3262672
3262905
3263014
3263107
3263124
3263257
3263303
3263310
3263391
3263428
3263476
3263489
3263604
3263627
3263708
3263747
3263766
3263771
3263802
3263821
3263843
3263922
3264289
3264333
3264359
3264537
3264622
3264654
3264881
3264973
3264985
3265003
3265147
3265194
3265211
3265388
3265634
3265645
3265736
3265755
3265763
3265854
3265899
3265916
3266063
3266137
3266203
3266357
3266421
3266562
3266933
3266959
3267012
3267064
3267113
3267324
3267574
3267602
3267616
3267684
3267770
3267833
3267882
3267894
3268013
3268035
3268080
3268105
3268248
3268272
3268304
3268318
3268471
3268610
3268752
3268761
3268826
3268844
3268875
3268937
3269020
3269138
3269214
3269288
3269528
3269534
3269640
3269851
3269873
3269885
3269924
3269981
3270140
3270179
3270198
3270236
3270248
3270263
3270330
3270447
3270539
3270577
3270638
3270669
3270776
3270941
3271384
3271453
3271508
3271533
3271566
3271571
3271624
3271681
3271744
3271838
3272027
3272049
3272051
3272193
3272322
3272354
3272474
3272536
3272671
3272786
3272814
3272888
3272944
3273025
3273133
3273306
3273341
3273462
3273473
3273634
3273689
3273878
3273902
3273943
3273984
3274113
3274249
3274372
3274650
3274706
3274788
3274815
3274917
3275231
3275325
3275476
3275532
3275673
3275685
3275708
3275747
3275771
3275794
3275946
3275980
3276397
3276422
3276777
3276804
3276830
3276896
3277139
3277150
3277293
3277333
3277347
3277405
3277431
3277440
3277479
3277654
3277836
3278208
3278233
3278259
3278481
3278522
3278546
3278580
3278641
3278665
3278749
3278910
3279660
3279780
3279817
3279845
3279861
3279876
3280056
3280108
3280159
3280244
3280297
3280392
3280449
3280451
3280564
3280693
3280707
3280748
3280835
3280939
3281055
3281106
3281188
3281269
3281305
3281398
3281611
3281658
3281683
3281876
3281982
3281994
3282155
3282172
3282391
3282428
3282452
3282461
3282544
3282685
3282747
3282766
3282922
3283017
3283278
3283302
3283343
3283508
3283783
3283842
3283887
3283891
3283912
3283940
3283979
3284033
3284265
3284344
3284383
3284401
3284422
3284478
3284552
3284589
3284612
3284739
3284804
3284830
3284981
3284990
3285016
3285068
3285160
3285220
3285436
3285455
3285614
3285629
3285653
3285730
3285785
3285823
3285886
3285942
3286176
3286202
3286221
3286239
3286295
3286322
3286378
3286403
3286410
3286536
3286620
3286705
3286740
3287013
3287035
3287131
3287186
3287272
3287502
3287568
3287610
3287642
3287656
3287728
3287811
3287883
3287992
3288040
3288057
3288064
3288538
3288556
3288569
3288616
3288894
3289075
3289184
3289486
3289529
3289537
3289613
3289742
3289819
3289824
3289918
3290034
3290089
3290130
3290151
3290196
3290377
3290533
3290810
3290931
3291143
3291308
3291457
3291514
3291565
3291680
3291738
3291756
3291890
3291904
3292050
3292111
3292126
3292158
3292300
3292328
3292419
3292455
3292463
3292535
3292665
3292688
3292718
3292903
3292987
3293063
3293137
3293153
3293170
3293203
3293256
3293269
3293287
3293305
3293331
3293421
3293527
3293551
3293562
3293585
3293632
3293876
3293915
3293920
3294202
3294301
3294399
3294487
3294555
3294620
3294671
3294694
3294723
3294731
3294757
3294814
3294888
3294892
3295040
3295167
3295199
3295251
3295458
3295475
3295569
3295591
3295602
3295714
3295882
3295928
3296119
3296124
3296155
3296212
3296231
3296257
3296303
3296310
3296342
3296445
3296532
3296708
3296715
3296954
3297069
3297182
3297258
3297275
3297392
3297449
3297451
3297512
3297693
3297867
3297880
3297902
3298033
3298103
3298142
3298292
3298344
3298375
3298478
3298576
3298784
3298851
3298924
3299080
3299198
3299255
3299304
3299318
3299349
3299351
3299396
3299420
3299459
3299745
3299860
3200085
3200403
3201122
3201483
3201525
3201616
3201729
3201820
3201894
3201993
3202219
3202543
3202897
3202937
3203191
3203552
3204028
3204339
3204979
3204986
3205032
3205308
3205506
3205863
3206258
3206427
3206763
3207298
3208312
3208450
3208982
3209247
3210212
3210231
3210428
3211008
3212025
3212531
3212579
3212617
3212790
3213062
3213354
3213926
3214192
3215224
3215236
3215471
3215875
3216162
3216196
3216213
3216406
3216520
3216607
3216744
3216842
3217016
3217535
3217641
3217991
3218553
3218738
3219064
3219249
3219285
3219729
3219952
3220188
3220203
3220210
3220364
3220585
3220817
3221013
3221290
3221625
3221728
3221965
3222040
3222444
3222847
3222859
3223026
3223116
3223774
3223973
3223996
3224148
3224231
3224597
3224967
3225169
3225326
3225702
3226455
3226688
3226805
3227151
3227267
3228134
3228581
3228814
3228911
3229147
3229899
3230075
3230769
3231232
3231365
3231392
3231921
3232015
3233745
3233858
3234294
3234361
3234501
3235474
3235659
3235671
3237269
3237305
3237632
3237780
3237876
3238014
3238356
3238673
3238708
3238946
3239246
3239582
3239624
3239636
3239711
3239726
3239869
3240020
3240142
3240187
3240241
3240467
3240795
3241077
3241328
3242044
3242097
3242116
3242308
3242440
3242951
3243040
3243475
3243591
3243729
3244194
3245225
3245274
3246543
3247004
3247399
3248213
3248559
3248619
3249037
3249391
3249843
3250180
3250882
3251155
3251821
3251978
3252364
3252443
3252746
3252971
3253077
3254001
3255655
3256121
3256366
3256742
3256918
3257071
3257517
3258505
3259425
3259608
3259731
3259853
3260328
3260665
3261161
3261313
3261335
3261548
3261590
3261837
3261944
3262222
3262254
3262278
3262559
3263850
3263978
3264044
3264102
3264276
3264710
3265171
3265943
3266048
3266683
3266828
3266971
3267204
3267307
3267510
3267538
3267820
3267952
3268734
3269435
3269804
3269849
3270112
3270373
3270568
3271368
3271437
3271594
3271732
3271979
3272301
3272399
3273042
3273258
3273512
3273579
3273598
3274146
3274497
3274542
3274621
3274639
3274945
3275006
3276066
3276229
3277245
3277537
3277541
3277848
3278490
3278688
3278974
3278991
3279269
3279274
3279530
3279549
3280634
3280724
3280950
3281090
3281141
3281379
3281416
3281778
3281908
3282119
3282124
3282489
3282630
3282651
3282794
3282802
3282839
3283267
3284020
3284125
3284358
3284397
3284435
3284686
3286335
3286442
3286608
3286647
3286892
3287078
3287494
3287906
3288146
3288319
3288993
3289102
3289725
3290246
3290582
3290672
3290998
3291097
3291440
3291654
3292068
3292472
3293238
3293242
3293439
3293778
3293828
3294239
3294243
3294524
3294647
3295952
3296070
3296374
3296696
3296999
3297003
3297763
3297813
3298446
3298545
3298804
3299001
3299022
3299603
