5001909
5001932
5002350
5002810
5007324
5007847
5009326
5010426
5013773
5014502
5015437
5015619
5019723
5021964
5024249
5026499
5027026
5030194
5031323
5032428
5033465
5035175
5039200
5040662
5041576
5042652
5043346
5047665
5047903
5051218
5052953
5053454
5054940
5056108
5057181
5058893
5060657
5063556
5063753
5065153
5067027
5069342
5072300
5075146
5075616
5075695
5076895
5078454
5078589
5081625
5082621
5087744
5088615
5089557
5093433
5094043
5094271
5094938
5095487
5096695
5099299
5000068
5000158
5000220
5000407
5000481
5000637
5000665
5000974
5001018
5001128
5001152
5001322
5001548
5001615
5001620
5001814
5001888
5001944
5002149
5002299
5002302
5002377
5002395
5002488
5002515
5002533
5002619
5002672
5002681
5002838
5002998
5003037
5003092
5003298
5003560
5003696
5003708
5003720
5003884
5004058
5004075
5004083
5004102
5004177
5004195
5004245
5004261
5004289
5004308
5004440
5004464
5004541
5004570
5004592
5004635
5004678
5004703
5004756
5004927
5005003
5005074
5005133
5005159
5005171
5005232
5005392
5005404
5005512
5005598
5005600
5005617
5005755
5005968
5005995
5006063
5006165
5006210
5006269
5006291
5006439
5006484
5006611
5006701
5006778
5006799
5006834
5006966
5006971
5006982
5007086
5007113
5007319
5007444
5007460
5007497
5007503
5007574
5007587
5007616
5007765
5008013
5008054
5008105
5008248
5008263
5008272
5008290
5008373
5008516
5008603
5008752
5008809
5008811
5008875
5008965
5008988
5009110
5009237
5009270
5009383
5009517
5009768
5009862
5009936
5010064
5010285
5010363
5010444
5010458
5010538
5010602
5010616
5010729
5010737
5010741
5010928
5011014
5011303
5011325
5011338
5011400
5011583
5011715
5011843
5011895
5011901
5011980
5012024
5012287
5012340
5012398
5012421
5012495
5012562
5012626
5012735
5012817
5013021
5013050
5013068
5013247
5013259
5013271
5013463
5013481
5013535
5013614
5013641
5013665
5013864
5013969
5014001
5014046
5014112
5014207
5014327
5014415
5014433
5014603
5014687
5014970
5015508
5015515
5015681
5015709
5015732
5015803
5015838
5015869
5015874
5015891
5015923
5016044
5016060
5016097
5016143
5016150
5016293
5016333
5016359
5016464
5016592
5016872
5016918
5016985
5017047
5017103
5017174
5017253
5017288
5017292
5017326
5017401
5017454
5017467
5017561
5017750
5017768
5017862
5017873
5017948
5017955
5018120
5018258
5018314
5018329
5018365
5018579
5018634
5018689
5018878
5018995
5019018
5019193
5019250
5019268
5019313
5019335
5019380
5019469
5019682
5019853
5019870
5019960
5020112
5020123
5020164
5020186
5020219
5020224
5020263
5020550
5020625
5020691
5020929
5020988
5021052
5021254
5021299
5021406
5021797
5021810
5022128
5022145
5022216
5022250
5022301
5022380
5022456
5022469
5022491
5022507
5022524
5022563
5022666
5022671
5022786
5022806
5022841
5022892
5022911
5023010
5023211
5023462
5023505
5023557
5023564
5023579
5023676
5023707
5023755
5023763
5023772
5023899
5023916
5024251
5024307
5024460
5024503
5024542
5024574
5024729
5024792
5024847
5024859
5024871
5024976
5024993
5025065
5025088
5025155
5025205
5025231
5025509
5025649
5025782
5025794
5025999
5026020
5026082
5026241
5026435
5026664
5026686
5026739
5026955
5027075
5027168
5027366
5027667
5027742
5027872
5027890
5028050
5028077
5028144
5028259
5028282
5028300
5028317
5028407
5028448
5028481
5028546
5028606
5028665
5028751
5028796
5028840
5028857
5028987
5029081
5029106
5029225
5029256
5029269
5029291
5029379
5029398
5029402
5029450
5029495
5029609
5029780
5029876
5029889
5029908
5029966
5029971
5030042
5030120
5030473
5030512
5030689
5030801
5030822
5030902
5031090
5031137
5031203
5031225
5031269
5031331
5031439
5031468
5031477
5031504
5031632
5031660
5031683
5031713
5031746
5031889
5031920
5032006
5032037
5032092
5032181
5032190
5032212
5032338
5032434
5032558
5032696
5032868
5032877
5032922
5033017
5033045
5033246
5033278
5033280
5033406
5033429
5033437
5033594
5033681
5033709
5033775
5033783
5033842
5034047
5034125
5034169
5034309
5034375
5034383
5034467
5034612
5034686
5034721
5034924
5034948
5034990
5035068
5035126
5035259
5035501
5035580
5035599
5035637
5035665
5035785
5035796
5035864
5035987
5036018
5036100
5036216
5036474
5036519
5036548
5036647
5036666
5036694
5036740
5036786
5036837
5036997
5037099
5037112
5037131
5037236
5037281
5037290
5037373
5037415
5037502
5037516
5037577
5037674
5037691
5037752
5037875
5037937
5037970
5038005
5038079
5038227
5038262
5038381
5038411
5038510
5038525
5038538
5038591
5038741
5038753
5038871
5038900
5038945
5038989
5039143
5039150
5039320
5039366
5039371
5039506
5039565
5039592
5039872
5039890
5040053
5040369
5040560
5040720
5040759
5040868
5040884
5041008
5041071
5041103
5041169
5041265
5041344
5041375
5041478
5041552
5041612
5041664
5041679
5041818
5041849
5041896
5041919
5042056
5042069
5042258
5042427
5042724
5042736
5042867
5043018
5043189
5043295
5043322
5043671
5043909
5044019
5044063
5044090
5044129
5044256
5044596
5044609
5044697
5044834
5044915
5045054
5045157
5045198
5045224
5045304
5045362
5045385
5045447
5045516
5045669
5045674
5045992
5046034
5046196
5046213
5046278
5046453
5046594
5046797
5046923
5046957
5047043
5047183
5047266
5047393
5047436
5047448
5047513
5047614
5047637
5047718
5047749
5047762
5047796
5047969
5047991
5048217
5048347
5048371
5048464
5048479
5048537
5048553
5048678
5048742
5048787
5048918
5048949
5048951
5048973
5049023
5049057
5049204
5049251
5049262
5049307
5049538
5049556
5049668
5049714
5049753
5049815
5049820
5049894
5049917
5049934
5049945
5050030
5050062
5050073
5050134
5050284
5050615
5050731
5050740
5050798
5050806
5050829
5050870
5050892
5050911
5050960
5051005
5051012
5051023
5051113
5051146
5051249
5051251
5051285
5051307
5051587
5051729
5051737
5051765
5051770
5051788
5052179
5052248
5052304
5052349
5052362
5052459
5052656
5052687
5052691
5052832
5052883
5052906
5052992
5053033
5053047
5053229
5053435
5053552
5053612
5053784
5053851
5053972
5054017
5054045
5054093
5054130
5054185
5054235
5054246
5054395
5054437
5054797
5054803
5054891
5054931
5055102
5055234
5055276
5055308
5055320
5055412
5055613
5055699
5055756
5055996
5056003
5056069
5056074
5056133
5056182
5056283
5056564
5056600
5056617
5056634
5056676
5056707
5056724
5056916
5056995
5057041
5057070
5057119
5057190
5057240
5057310
5057604
5057715
5057794
5057843
5057877
5057895
5057901
5057935
5057978
5058072
5058192
5058287
5058291
5058357
5058443
5058484
5058495
5058549
5058658
5058683
5058735
5058746
5058834
5058876
5059002
5059016
5059050
5059109
5059317
5059419
5059424
5059436
5059472
5059481
5059554
5059629
5059692
5059812
5059840
5060020
5060047
5060094
5060156
5060191
5060265
5060499
5060545
5060593
5060698
5060777
5060896
5060924
5061002
5061095
5061183
5061208
5061328
5061345
5061436
5061448
5061481
5061670
5061688
5061718
5062011
5062026
5062060
5062139
5062228
5062347
5062382
5062394
5062423
5062440
5062486
5062537
5062541
5062680
5062872
5063101
5063204
5063227
5063285
5063319
5063390
5063411
5063432
5063591
5063643
5063808
5063900
5063989
5063993
5064042
5064087
5064115
5064306
5064392
5064449
5064462
5064485
5064512
5064634
5064707
5064835
5065129
5065269
5065379
5065421
5065468
5065562
5065611
5065780
5065852
5065915
5066001
5066164
5066207
5066236
5066349
5066373
5066385
5066521
5066539
5066550
5066610
5066687
5066761
5066793
5066906
5067073
5067128
5067152
5067313
5067354
5067438
5067469
5067474
5067487
5067671
5067731
5067786
5067798
5067814
5067853
5067911
5067997
5068151
5068235
5068441
5068488
5068619
5068825
5068887
5069070
5069107
5069148
5069286
5069400
5069428
5069493
5069627
5069649
5069662
5069733
5069816
5069868
5069946
5069999
5070000
5070089
5070093
5070127
5070162
5070299
5070321
5070508
5070559
5070655
5070690
5070842
5070856
5071011
5071044
5071097
5071150
5071177
5071289
5071412
5071423
5071440
5071514
5071635
5071699
5071703
5071848
5071962
5071996
5072043
5072215
5072259
5072294
5072352
5072376
5072455
5072535
5072599
5072749
5072831
5072942
5072991
5073137
5073210
5073238
5073274
5073287
5073504
5073722
5073834
5073947
5073966
5074176
5074193
5074268
5074277
5074313
5074354
5074524
5074712
5074740
5074764
5074958
5075064
5075086
5075098
5075154
5075251
5075355
5075934
5076257
5076279
5076560
5076696
5076759
5076821
5076843
5076884
5076978
5077260
5077329
5077353
5077392
5077485
5077557
5077586
5077707
5077748
5077755
5077813
5077835
5077950
5077995
5078020
5078094
5078413
5078499
5078593
5078612
5078640
5078827
5078862
5078896
5078907
5079022
5079304
5079351
5079396
5079521
5079543
5079550
5079595
5079603
5079642
5079691
5079752
5079844
5079858
5079897
5079929
5080106
5080141
5080379
5080551
5080722
5080845
5080915
5081080
5081140
5081164
5081219
5081281
5081290
5081396
5081568
5081656
5081674
5081826
5081832
5081860
5081937
5081988
5082122
5082262
5082432
5082483
5082497
5082737
5082753
5082765
5082866
5082917
5083139
5083168
5083177
5083184
5083234
5083245
5083252
5083315
5083680
5083699
5084006
5084041
5084163
5084279
5084434
5084476
5084526
5084583
5084627
5084630
5084715
5084935
5084999
5085309
5085326
5085500
5085528
5085576
5085605
5085640
5085804
5085862
5085907
5085948
5086095
5086158
5086183
5086197
5086259
5086328
5086554
5086567
5086606
5086670
5086730
5086762
5086796
5086987
5087017
5087196
5087278
5087437
5087648
5087760
5087940
5087957
5088027
5088189
5088216
5088399
5088474
5088507
5088581
5088590
5088671
5088841
5088888
5088997
5089042
5089087
5089209
5089260
5089275
5089329
5089365
5089392
5089449
5089496
5089512
5089652
5089661
5089676
5089693
5089719
5089763
5089772
5089902
5090083
5090308
5090405
5090498
5090506
5090514
5090592
5090622
5090742
5090756
5090872
5090973
5091025
5091042
5091159
5091211
5091244
5091449
5091462
5091473
5091634
5091755
5091867
5092174
5092187
5092206
5092241
5092309
5092454
5092499
5092605
5092657
5092664
5092679
5092739
5092873
5092885
5092919
5093105
5093157
5093272
5093327
5093568
5093603
5093638
5093858
5093883
5093906
5093914
5093929
5094084
5094095
5094126
5094160
5094215
5094389
5094424
5094580
5094614
5094785
5094805
5094823
5094831
5095030
5095049
5095221
5095322
5095367
5095590
5095608
5095615
5095705
5095757
5095764
5095798
5095944
5095960
5096098
5096113
5096154
5096167
5096180
5096227
5096319
5096355
5096591
5096621
5096917
5096928
5097019
5097256
5097340
5097398
5097477
5097644
5097675
5097767
5097920
5097971
5098092
5098163
5098190
5098264
5098342
5098356
5098461
5098575
5098604
5098627
5098696
5098733
5098771
5098999
5099104
5099267
5099343
5099377
5099488
5099508
5099520
5099648
5099838
5099979
5000084
5000247
5000718
5000805
5000938
5001051
5001425
5001682
5001740
5002803
5003434
5003597
5003877
5003980
5004252
5004601
5004787
5005166
5005370
5005430
5005689
5006007
5006386
5006421
5006450
5006959
5007122
5007135
5007167
5007227
5007363
5007792
5007928
5008610
5008642
5009309
5009990
5010079
5010866
5011286
5011342
5011733
5012019
5012141
5013805
5013879
5013925
5013938
5013942
5013974
5014248
5014734
5015017
5015453
5015744
5015842
5015998
5016769
5016819
5016848
5016890
5017360
5017375
5018166
5018724
5018755
5019030
5019062
5019814
5019944
5020013
5020131
5020207
5020304
5020595
5020638
5020700
5021350
5022134
5022474
5022536
5022798
5023353
5023523
5023598
5023878
5025053
5025172
5025696
5025877
5026605
5026804
5027011
5027261
5027486
5027601
5027918
5027962
5028126
5028183
5028513
5028637
5029357
5029585
5029778
5029817
5029861
5031153
5032014
5033453
5033887
5033998
5034768
5035021
5035183
5035197
5035730
5036004
5037219
5037471
5037914
5038307
5038336
5039394
5039738
5039807
5040107
5040544
5040877
5041422
5041623
5041862
5042209
5043216
5043284
5045625
5045793
5046093
5046149
5046470
5047546
5048177
5048234
5048261
5048680
5048930
5049079
5049729
5049792
5049882
5049961
5050085
5050380
5050572
5050958
5051178
5051324
5051475
5051538
5052494
5052860
5052897
5053480
5053517
5053948
5054339
5054732
5054783
5054825
5055044
5055143
5055464
5056010
5056115
5056232
5056418
5056427
5056586
5056939
5057124
5057544
5057747
5058379
5058585
5058626
5059043
5059215
5059352
5059578
5059730
5060066
5060229
5060253
5060358
5060804
5061158
5061376
5061455
5061490
5061831
5062116
5062245
5062371
5062774
5063714
5064091
5064171
5064194
5064353
5064617
5064676
5064763
5065305
5065609
5066157
5066717
5066832
5067085
5067268
5067507
5067524
5067620
5067694
5067712
5067892
5067975
5068104
5068395
5068470
5070104
5070235
5070760
5070964
5070986
5070998
5071116
5071315
5071506
5071588
5071592
5071654
5071985
5072039
5072247
5072448
5072670
5072692
5073106
5074380
5074620
5074694
5074975
5074997
5075249
5075273
5075296
5075324
5075976
5075993
5076041
5076946
5077182
5077801
5077943
5078657
5078784
5079078
5079420
5079502
5079965
5080256
5080994
5081105
5081543
5081610
5081734
5082788
5082928
5082961
5083195
5083217
5083289
5083678
5083756
5083904
5084673
5085795
5086043
5086068
5086448
5086535
5086665
5086749
5086773
5087076
5087321
5087681
5087842
5088250
5088620
5088764
5089943
5090347
5090654
5090930
5090996
5091505
5091531
5091790
5092698
5092795
5092972
5093396
5093539
5093642
5093674
5093937
5093992
5094109
5094183
5095193
5095378
5095666
5096005
5096542
5097129
5097443
5098037
5098583
5098794
5098868
5098954
5099052
5099118
5099302
5099406
5099711
5099869
