1102701
1106774
1106863
1114427
1114984
1116539
1116897
1118302
1119041
1120540
1124972
1131168
1131635
1131872
1133658
1134438
1135497
1135882
1136649
1136821
1143400
1143630
1143673
1145260
1146137
1146269
1146915
1147086
1149066
1150922
1151750
1157546
1170331
1174489
1175253
1176077
1177810
1178202
1180710
1181329
1181902
1182552
1183022
1186483
1187090
1187439
1189045
1189842
1190396
1192909
1193835
1195070
1196015
1196721
1196948
1199153
1199527
1100230
1100319
1100409
1100458
1100542
1100591
1100650
1100706
1100737
1100934
1101092
1101298
1101532
1101597
1101696
1101868
1101935
1102007
1102081
1102153
1102256
1102274
1102421
1102468
1102562
1102697
1102799
1102861
1102876
1102959
1102971
1103043
1103197
1103208
1103294
1103300
1103501
1103637
1103692
1103727
1103812
1103823
1103903
1103991
1104099
1104131
1104272
1104351
1104482
1104502
1104516
1104610
1104638
1104965
1105151
1105185
1105278
1105395
1105414
1105488
1105492
1105520
1105533
1105582
1105636
1105690
1105838
1105905
1105964
1106150
1106177
1106479
1106514
1106769
1106904
1107229
1107237
1107270
1107288
1107292
1107545
1107640
1107795
1108120
1108211
1108258
1108297
1108392
1108485
1108512
1108531
1108540
1108661
1108689
1108707
1108748
1108790
1108854
1108995
1109062
1109134
1109202
1109268
1109301
1109399
1109438
1109507
1109548
1109888
1110033
1110059
1110169
1110229
1110241
1110292
1110344
1110467
1110657
1110679
1110702
1110739
1110777
1110862
1110924
1111158
1111352
1111419
1111436
1111472
1111535
1111580
1111670
1111730
1111785
1111879
1111942
1112121
1112139
1112184
1112252
1112457
1112479
1112486
1112565
1112588
1112622
1112904
1112949
1113057
1113101
1113122
1113154
1113204
1113218
1113262
1113411
1113483
1113510
1113525
1113684
1113894
1114074
1114120
1114232
1114353
1114388
1114430
1114531
1114564
1114586
1114693
1114772
1115019
1115055
1115192
1115256
1115291
1115323
1115443
1115632
1115644
1115767
1115852
1115861
1115933
1115966
1116013
1116054
1116112
1116131
1116157
1116281
1116304
1116415
1116447
1116459
1116494
1116550
1116577
1116610
1116883
1116965
1117128
1117176
1117239
1117313
1117469
1117712
1117853
1117944
1117958
1117975
1118000
1118017
1118045
1118061
1118246
1118280
1118316
1118339
1118377
1118470
1118508
1118566
1118582
1118732
1118758
1118775
1118783
1118810
1118940
1118979
1119286
1119356
1119461
1119511
1119583
1119685
1119747
1119816
1119901
1120025
1120056
1120211
1120258
1120337
1120370
1120392
1120634
1120763
1120772
1120867
1120939
1120995
1121170
1121188
1121210
1121291
1121416
1121450
1121468
1121504
1121549
1121609
1121780
1121845
1121852
1121920
1121994
1122006
1122445
1122489
1122509
1122685
1122843
1123118
1123130
1123280
1123429
1123533
1123582
1123711
1123732
1123838
1123874
1123905
1124082
1124094
1124138
1124187
1124422
1124545
1124552
1124698
1124721
1124750
1124851
1125068
1125233
1125472
1125578
1125580
1125606
1125762
1125785
1125796
1125969
1126018
1126073
1126117
1126202
1126277
1126322
1126410
1126997
1127112
1127157
1127179
1127236
1127304
1127330
1127362
1127396
1127408
1127577
1127844
1127858
1127883
1127937
1127988
1128098
1128113
1128227
1128262
1128319
1128390
1128411
1128444
1128792
1128871
1129097
1129168
1129217
1129486
1129678
1129756
1129890
1129973
1130017
1130034
1130118
1130162
1130196
1130267
1130278
1130339
1130453
1130636
1130672
1130726
1130775
1130842
1131102
1131308
1131479
1131514
1131565
1131588
1131807
1131848
1131918
1131930
1131962
1132016
1132039
1132109
1132158
1132183
1132233
1132247
1132294
1132345
1132436
1132535
1132599
1132653
1132692
1132749
1132823
1132898
1133019
1133048
1133090
1133165
1133305
1133323
1133402
1133443
1133484
1133495
1133518
1133551
1133585
1133644
1133660
1133767
1133889
1133893
1134004
1134073
1134100
1134134
1134268
1134277
1134487
1134536
1134563
1134581
1134620
1134633
1134671
1134757
1134786
1134806
1134888
1134926
1134975
1135031
1135319
1135324
1135355
1135591
1135695
1135729
1135792
1135820
1136041
1136070
1136119
1136136
1136257
1136325
1136338
1136387
1136526
1136544
1136651
1136733
1136747
1136978
1136980
1137042
1137133
1137194
1137232
1137365
1137430
1137557
1137617
1137652
1137801
1137846
1137899
1137916
1137943
1137984
1138008
1138125
1138156
1138174
1138187
1138191
1138265
1138270
1138401
1138478
1138896
1139022
1139236
1139263
1139290
1139362
1139433
1139447
1139466
1139521
1139656
1139728
1139745
1139811
1139858
1140002
1140043
1140050
1140077
1140144
1140220
1140233
1140389
1140407
1140513
1140546
1140599
1140637
1140688
1140796
1140938
1141313
1141354
1141507
1141536
1141615
1141666
1141682
1141764
1141853
1141865
1142061
1142151
1142246
1142299
1142414
1142492
1142508
1142533
1142648
1142690
1142758
1142874
1143014
1143136
1143387
1143417
1143560
1143782
1143850
1143868
1143980
1144060
1144075
1144121
1144177
1144245
1144412
1144457
1144678
1144791
1144863
1144904
1145025
1145038
1145182
1145337
1145353
1145365
1145449
1145505
1145600
1145676
1145781
1145801
1145846
1145968
1146114
1146203
1146287
1146402
1146439
1146735
1146799
1146889
1146982
1147101
1147348
1147475
1147591
1147602
1147650
1147808
1147847
1147961
1148013
1148236
1148255
1148263
1148304
1148327
1148349
1148351
1148408
1148459
1148516
1148691
1148776
1149169
1149229
1149360
1149401
1149702
1149777
1149873
1150107
1150124
1150136
1150163
1150223
1150231
1150369
1150445
1150558
1150627
1150821
1150839
1151047
1151169
1151265
1151422
1151576
1151593
1151664
1151686
1151716
1151743
1151818
1151907
1152209
1152275
1152341
1152531
1152540
1152557
1152598
1152628
1152755
1152801
1152878
1152916
1152943
1153018
1153313
1153474
1153507
1153524
1153536
1153563
1153581
1153633
1153647
1153671
1153712
1153731
1153740
1153960
1154063
1154210
1154340
1154357
1154364
1154402
1154495
1154504
1154722
1154834
1154889
1154920
1155046
1155078
1155123
1155248
1155290
1155351
1155396
1155466
1155482
1155858
1156089
1156151
1156280
1156488
1156508
1156533
1156655
1156709
1156726
1156931
1157084
1157109
1157144
1157175
1157215
1157220
1157455
1157472
1157481
1157614
1157653
1157718
1157773
1157796
1157805
1157823
1157991
1158044
1158143
1158168
1158184
1158195
1158261
1158308
1158333
1158537
1158541
1158710
1158791
1158918
1159005
1159031
1159285
1159324
1159381
1159483
1159602
1159770
1159788
1159815
1159820
1159917
1160004
1160030
1160117
1160250
1160378
1160410
1160487
1160536
1160694
1160740
1160837
1160853
1160865
1160932
1160958
1160975
1160983
1161005
1161113
1161199
1161218
1161251
1161363
1161390
1161475
1161483
1161556
1161621
1161639
1161668
1161753
1161792
1161808
1161833
1161847
1161993
1162080
1162112
1162131
1162290
1162330
1162349
1162408
1162447
1162471
1162482
1162494
1162521
1162550
1162568
1162584
1162656
1162691
1162717
1162761
1162793
1162860
1162988
1163066
1163125
1163191
1163270
1163292
1163311
1163422
1163552
1163576
1163623
1163686
1163804
1163862
1164162
1164213
1164343
1164368
1164441
1164465
1164520
1164559
1164582
1164681
1164711
1164758
1164912
1164964
1165075
1165315
1165371
1165565
1165570
1165769
1165819
1165863
1165904
1165973
1166171
1166194
1166275
1166297
1166314
1166337
1166341
1166512
1166676
1166772
1166801
1166813
1167053
1167107
1167257
1167286
1167298
1167476
1167708
1167766
1167771
1167868
1167877
1167999
1168170
1168305
1168527
1168551
1168562
1168609
1168754
1169068
1169077
1169111
1169233
1169345
1169361
1169481
1169567
1169727
1169796
1169886
1169969
1170238
1170242
1170312
1170364
1170421
1170495
1170504
1170585
1170596
1170609
1170701
1170778
1170780
1170817
1170828
1170893
1170933
1171105
1171179
1171351
1171362
1171471
1171521
1171656
1171687
1171860
1171914
1171953
1172012
1172146
1172178
1172204
1172218
1172230
1172262
1172273
1172296
1172390
1172510
1172753
1172952
1173075
1173102
1173315
1173333
1173506
1173622
1173738
1173787
1173973
1173985
1174053
1174212
1174286
1174338
1174391
1174400
1174417
1174434
1174532
1174575
1174662
1174747
1174766
1174901
1174913
1175020
1175094
1175103
1175142
1175265
1175270
1175309
1175358
1175446
1175480
1175499
1175500
1175623
1175702
1175721
1175743
1175818
1175948
1175963
1176132
1176259
1176300
1176455
1176535
1176546
1176614
1176665
1176688
1176730
1176840
1176969
1177028
1177089
1177441
1177488
1177508
1177566
1177711
1177803
1177887
1177940
1177986
1178027
1178062
1178085
1178128
1178189
1178335
1178354
1178438
1178507
1178633
1178671
1178682
1178723
1178853
1178909
1179087
1179147
1179171
1179306
1179392
1179451
1179645
1179724
1179854
1179939
1179950
1179968
1180011
1180184
1180252
1180725
1181025
1181074
1181091
1181182
1181194
1181232
1181341
1181427
1181540
1181652
1181693
1181763
1181899
1181950
1182071
1182110
1182174
1182229
1182241
1182270
1182326
1182467
1182517
1182623
1182716
1182851
1183099
1183186
1183327
1183408
1183433
1183502
1183516
1183700
1183745
1183752
1183826
1183875
1183897
1183970
1184050
1184132
1184247
1184345
1184436
1184490
1184688
1184704
1184910
1184987
1185096
1185100
1185378
1185403
1185682
1185731
1186167
1186204
1186249
1186411
1186510
1186556
1186621
1186639
1186792
1186859
1186976
1187203
1187210
1187274
1187340
1187468
1187527
1187596
1187609
1187675
1187754
1187780
1187861
1187889
1187933
1188181
1188400
1188428
1188489
1188583
1188627
1188662
1188771
1188868
1188901
1189017
1189089
1189093
1189130
1189196
1189278
1189377
1189441
1189607
1189624
1189711
1189803
1189986
1190035
1190123
1190290
1190362
1190415
1190625
1190844
1191028
1191052
1191280
1191299
1191406
1191429
1191775
1191810
1191825
1191923
1191931
1191986
1192073
1192145
1192277
1192367
1192474
1192487
1192524
1192563
1192590
1192615
1192682
1192779
1192975
1193025
1193042
1193115
1193166
1193182
1193693
1193719
1193781
1193977
1194154
1194262
1194556
1194587
1194677
1194706
1194714
1194737
1194753
1194952
1195041
1195148
1195181
1195325
1195342
1195461
1195558
1195685
1195708
1195715
1195771
1195843
1195884
1195980
1196142
1196156
1196169
1196288
1196358
1196397
1196605
1196739
1196804
1196885
1197032
1197083
1197097
1197177
1197184
1197506
1197622
1197742
1197824
1197848
1197872
1197890
1198109
1198160
1198345
1198436
1198629
1198751
1198910
1198969
1199036
1199048
1199055
1199340
1199450
1199484
1199697
1199701
1199713
1199735
1199778
1199852
1199861
1199920
1100098
1100432
1101006
1101014
1101181
1101816
1101978
1102106
1102585
1102735
1102800
1103424
1103629
1103938
1105017
1106032
1106646
1106710
1106787
1107517
1107948
1107981
1108736
1108755
1108822
1109442
1109633
1110413
1110422
1110605
1110721
1110750
1111039
1112930
1113251
1113677
1113808
1113815
1114306
1114314
1114598
1114724
1114790
1115477
1115527
1115971
1116327
1116330
1116776
1116793
1116809
1117100
1117378
1117442
1117572
1117590
1117647
1117829
1118034
1118384
1118559
1118690
1118797
1119338
1119489
1119558
1119604
1119618
1119802
1120283
1121153
1122092
1122766
1123151
1123350
1123709
1123758
1124015
1124344
1124743
1125513
1125974
1126128
1126555
1127691
1128057
1128569
1128587
1129032
1129083
1129150
1129293
1129541
1129836
1129855
1130559
1130663
1131083
1131228
1131245
1131529
1131787
1131855
1132043
1132472
1132938
1133036
1133799
1133920
1133966
1134049
1134403
1134442
1134456
1134548
1134647
1134958
1135227
1135273
1135765
1135808
1136369
1136391
1136877
1137120
1137473
1137598
1137634
1138020
1138552
1138640
1138657
1138818
1138873
1138885
1139131
1139906
1139953
1139992
1140300
1140614
1141145
1141301
1141378
1141806
1141814
1141829
1141926
1142000
1142118
1142196
1142302
1143006
1143771
1144083
1144184
1144881
1145763
1145772
1146165
1146364
1146551
1146713
1146834
1147432
1147503
1147574
1147765
1149862
1150212
1151142
1151383
1151552
1152010
1152182
1152314
1152392
1152564
1152693
1152748
1152968
1153145
1153176
1153335
1153888
1154024
1154170
1154549
1154609
1154876
1155013
1155022
1155236
1155521
1156775
1156986
1157282
1157352
1157389
1157419
1157637
1158139
1159079
1159251
1159503
1160189
1160555
1160671
1160944
1161101
1161122
1161574
1161677
1162362
1162883
1163288
1163631
1163919
1164017
1164151
1164414
1164636
1165044
1165058
1165252
1166617
1167338
1167978
1168055
1168210
1168596
1169730
1169773
1170192
1171022
1171054
1171482
1171595
1172249
1172426
1172616
1172770
1173245
1173382
1173613
1174088
1174310
1174978
1175125
1175552
1175664
1175849
1175862
1176095
1176294
1176389
1176424
1176472
1176831
1177052
1177429
1177732
1177838
1178250
1178313
1178403
1178456
1179628
1179772
1181297
1181314
1181867
1181995
1182413
1182545
1182664
1182777
1183625
1183793
1183883
1184393
1184424
1184501
1184629
1184730
1184805
1185243
1185367
1185410
1185590
1185705
1186023
1186432
1186497
1186820
1187072
1187188
1187611
1187845
1187971
1188006
1188029
1188509
1188560
1189235
1189395
1189437
1189905
1190022
1191681
1192335
1192633
1192712
1192806
1192865
1192983
1193496
1193557
1193813
1194040
1195544
1196292
1196454
1196955
1196981
1197289
1197514
1197949
1198215
1198271
1198317
1198352
1198376
1199551
1199585
