2900968
2901845
2902310
2903758
2904849
2904955
2907179
2907992
2908525
2911874
2912581
2912590
2915532
2919439
2919530
2923991
2925316
2925648
2927830
2929456
2929888
2933560
2933901
2934058
2934184
2935003
2941565
2942197
2943982
2947564
2948686
2950632
2952684
2954070
2962830
2963035
2965346
2965798
2966005
2968434
2969267
2971326
2971561
2973983
2975290
2976488
2976726
2979677
2979871
2983094
2983657
2985382
2986329
2987662
2989043
2991991
2996728
2900010
2900120
2900147
2900211
2900275
2900297
2900353
2900392
2900473
2900628
2900693
2900707
2900724
2900822
2901007
2901036
2901048
2901063
2901188
2901274
2901331
2901484
2901530
2901573
2901697
2901713
2901735
2901780
2901817
2901933
2901982
2902053
2902070
2902107
2902356
2902387
2902434
2902476
2902511
2902558
2902771
2902901
2903028
2903076
2903149
2903201
2903213
2903246
2903316
2903350
2903414
2903437
2903508
2903520
2903582
2903690
2903744
2903874
2903923
2903957
2904156
2904169
2904360
2904739
2904862
2904907
2904936
2905095
2905132
2905282
2905407
2905419
2905448
2905463
2905670
2905718
2905898
2905925
2905942
2906004
2906030
2906085
2906096
2906193
2906202
2906284
2906378
2906410
2906442
2906456
2906474
2906633
2906647
2906705
2906731
2906740
2906786
2906829
2906870
2906888
2906909
2906926
2906932
2907046
2907219
2907327
2907447
2907568
2907625
2907642
2908031
2908227
2908249
2908372
2908411
2908460
2908483
2908503
2908616
2908621
2908788
2908866
2908928
2908952
2909026
2909044
2909083
2909121
2909234
2909252
2909261
2909315
2909394
2909431
2909537
2909592
2909613
2909622
2909881
2909890
2909973
2910035
2910219
2910318
2910330
2910349
2910420
2910447
2910543
2910625
2910656
2910717
2910734
2910776
2910906
2910937
2911000
2911061
2911149
2911222
2911395
2911797
2911810
2911825
2912202
2912221
2912268
2912322
2912410
2912469
2912474
2912555
2912659
2912909
2912975
2912997
2913025
2913056
2913211
2913226
2913258
2913370
2913473
2913523
2913600
2913645
2914135
2914146
2914154
2914167
2914178
2914227
2914372
2914381
2914475
2914574
2914650
2914695
2914866
2914917
2914928
2915029
2915053
2915205
2915286
2915428
2915526
2915558
2915884
2916008
2916125
2916292
2916397
2916454
2916545
2916830
2916862
2916907
2917044
2917217
2917382
2917405
2917423
2917431
2917654
2917787
2917962
2917996
2918021
2918158
2918259
2918317
2918361
2918419
2918436
2918490
2918522
2918546
2918653
2918688
2918692
2918879
2919036
2919063
2919072
2919242
2919364
2919484
2919495
2919632
2919722
2919828
2919852
2919915
2919959
2920167
2920251
2920262
2920285
2920336
2920381
2920409
2920458
2920460
2920650
2920737
2920792
2920866
2920928
2921088
2921190
2921264
2921342
2921356
2921369
2921374
2921434
2921544
2921560
2921575
2921980
2922153
2922165
2922364
2922495
2922596
2922644
2922852
2922971
2923050
2923068
2923077
2923126
2923247
2923300
2923345
2923376
2923407
2923472
2923501
2923637
2923665
2923692
2923704
2923718
2923879
2924022
2924080
2924164
2924272
2924281
2924362
2924482
2924502
2924568
2924584
2924656
2924717
2924811
2924832
2924897
2924929
2925149
2925185
2925492
2925515
2925533
2925655
2925690
2925803
2925869
2926116
2926143
2926217
2926276
2926289
2926394
2926464
2926588
2926646
2926667
2926680
2926769
2926848
2926962
2927059
2927187
2927191
2927360
2927375
2927552
2927702
2927739
2927919
2927924
2927963
2928091
2928211
2928365
2928392
2928880
2929018
2929049
2929313
2929491
2929507
2929524
2929572
2929608
2929615
2929659
2929671
2929944
2929960
2930068
2930266
2930455
2930535
2930614
2930641
2930704
2930925
2930956
2931062
2931161
2931250
2931322
2931442
2931469
2931555
2931563
2931659
2931723
2931837
2931944
2931960
2931975
2932061
2932149
2932162
2932235
2932343
2932406
2932571
2932681
2932711
2932775
2932842
2932856
2933053
2933190
2933286
2933298
2933342
2933356
2933489
2933493
2933575
2933604
2933816
2933922
2934009
2934026
2934102
2934139
2934168
2934228
2934245
2934252
2934371
2934412
2934541
2934710
2934738
2934774
2934930
2934962
2935042
2935108
2935260
2935353
2935365
2935430
2935449
2935505
2935707
2935763
2935772
2936024
2936165
2936203
2936256
2936340
2936386
2936644
2936722
2936828
2936845
2936861
2936959
2937057
2937218
2937355
2937363
2937432
2937460
2937602
2937792
2937989
2937993
2938078
2938327
2938516
2938521
2938543
2938577
2938584
2938691
2938826
2938844
2938858
2939059
2939110
2939156
2939229
2939311
2939397
2939499
2939561
2939605
2939818
2939873
2939924
2939955
2939981
2939990
2940028
2940052
2940149
2940151
2940235
2940246
2940299
2940350
2940377
2940488
2940533
2940582
2940655
2940732
2940783
2940856
2940964
2941058
2941075
2941121
2941184
2941359
2941366
2941382
2941464
2941537
2941541
2941680
2941710
2941769
2941791
2941872
2941949
2941951
2941985
2942109
2942220
2942653
2942942
2943242
2943323
2943379
2943484
2943518
2943527
2943573
2943609
2943658
2943767
2943799
2943933
2943947
2944062
2944202
2944216
2944301
2944313
2944536
2944779
2944829
2944870
2944892
2944958
2944960
2945064
2945079
2945098
2945154
2945167
2945199
2945262
2945336
2945348
2945363
2945409
2945556
2945677
2945695
2945729
2945741
2945788
2945866
2946014
2946041
2946148
2946223
2946279
2946400
2946428
2946452
2946532
2946604
2946618
2946627
2946662
2946747
2946771
2946868
2946946
2947147
2947337
2947430
2947586
2947617
2947693
2947921
2947950
2948187
2948214
2948358
2948401
2948467
2948534
2948545
2948679
2948768
2948849
2949013
2949112
2949186
2949248
2949433
2949494
2949539
2949550
2949687
2949691
2949883
2949941
2949970
2950048
2950055
2950114
2950192
2950238
2950274
2950323
2950386
2950398
2950530
2950562
2950852
2950889
2950893
2950908
2950915
2950971
2950994
2951078
2951099
2951224
2951281
2951290
2951318
2951327
2951466
2951502
2951521
2951625
2951642
2951826
2951875
2951953
2951970
2952012
2952098
2952355
2952483
2952569
2952574
2952587
2952847
2952859
2952866
2952928
2952961
2953011
2953026
2953032
2953083
2953097
2953121
2953234
2953289
2953293
2953308
2953320
2953366
2953382
2953394
2953405
2953541
2953553
2953613
2953678
2953699
2953787
2953836
2953872
2954006
2954205
2954374
2954461
2954526
2954662
2954766
2954946
2954954
2954967
2955033
2955071
2955169
2955214
2955253
2955265
2955344
2955413
2955500
2955657
2955739
2955885
2955948
2955963
2956043
2956109
2956111
2956215
2956220
2956294
2956554
2956606
2956637
2956670
2956812
2956823
2956969
2956974
2957162
2957201
2957368
2957395
2957470
2957515
2957559
2957711
2957838
2957842
2957856
2957869
2957874
2958216
2958403
2958438
2958555
2958581
2958608
2958671
2958798
2958837
2958958
2958997
2959010
2959056
2959159
2959244
2959314
2959337
2959370
2959628
2959790
2959977
2960009
2960032
2960044
2960102
2960184
2960252
2960308
2960333
2960359
2960423
2960440
2960486
2960506
2960553
2960667
2960791
2960824
2960872
2960881
2960949
2961091
2961306
2961418
2961496
2961512
2961693
2961916
2961921
2961950
2962033
2962066
2962174
2962237
2962253
2962270
2962435
2962500
2962612
2962698
2962739
2962777
2962955
2962981
2963067
2963078
2963207
2963219
2963224
2963415
2963420
2963543
2963595
2963610
2963638
2963691
2963734
2963809
2963832
2963929
2963941
2964334
2964455
2964481
2964513
2964535
2964653
2964692
2964704
2964796
2964886
2965073
2965117
2965152
2965161
2965216
2965221
2965378
2965438
2965456
2965723
2965740
2965779
2965814
2965837
2965892
2965958
2966057
2966098
2966154
2966167
2966178
2966296
2966409
2966460
2966475
2966591
2966643
2966847
2966993
2967024
2967072
2967106
2967141
2967210
2967238
2967312
2967364
2967421
2967468
2967477
2967518
2967611
2967683
2967778
2967889
2967966
2968065
2968136
2968172
2968310
2968387
2968391
2968417
2968489
2968532
2968604
2968868
2968901
2968954
2969028
2969149
2969151
2969162
2969201
2969235
2969321
2969350
2969437
2969488
2969547
2969690
2969891
2969940
2969964
2970088
2970310
2970532
2970544
2970560
2970651
2970759
2970771
2970816
2970821
2970954
2971033
2971094
2971110
2971191
2971332
2971467
2971640
2971664
2971777
2971830
2971919
2972010
2972087
2972091
2972166
2972182
2972232
2972404
2972427
2972505
2972736
2972763
2972790
2972878
2972916
2972984
2973051
2973073
2973117
2973134
2973378
2973403
2973410
2973425
2973474
2973572
2973694
2973888
2973926
2974137
2974141
2974386
2974468
2974495
2974549
2974562
2974585
2974596
2974611
2974966
2974971
2975054
2975099
2975112
2975140
2975179
2975198
2975207
2975263
2975272
2975304
2975330
2975362
2975584
2975603
2975656
2975687
2975752
2975761
2976118
2976278
2976339
2976437
2976441
2976465
2976533
2976571
2976619
2976672
2976856
2976887
2976905
2976964
2977084
2977109
2977126
2977208
2977220
2977259
2977393
2977419
2977490
2977546
2977727
2977785
2977879
2977938
2977956
2977991
2978058
2978097
2978102
2978228
2978347
2978592
2978613
2978646
2978725
2978872
2978996
2979023
2979057
2979178
2979180
2979227
2979273
2979538
2979569
2979602
2979616
2979650
2979706
2979866
2979989
2980018
2980027
2980216
2980548
2980581
2980694
2980853
2980932
2980960
2980983
2981012
2981113
2981178
2981273
2981307
2981324
2981355
2981372
2981483
2981556
2981602
2981639
2981737
2981753
2981770
2981788
2981961
2981989
2982001
2982224
2982248
2982290
2982373
2982415
2982420
2982543
2982568
2982577
2982610
2982656
2982728
2982941
2982965
2982992
2983082
2983110
2983191
2983500
2983612
2983623
2983716
2983804
2983849
2983885
2984118
2984149
2984151
2984201
2984339
2984395
2984672
2984905
2984912
2984923
2985217
2985234
2985252
2985289
2985394
2985457
2985529
2985646
2985863
2985881
2985904
2985973
2986025
2986306
2986370
2986388
2986512
2986661
2986724
2986748
2986846
2986854
2986878
2986902
2986984
2987029
2987136
2987279
2987369
2987489
2987649
2987839
2987922
2988192
2988203
2988238
2988256
2988323
2988477
2988585
2988722
2988834
2989016
2989126
2989208
2989233
2989247
2989266
2989407
2989424
2989472
2989513
2989641
2989751
2989812
2989925
2989991
2990047
2990082
2990174
2990206
2990311
2990721
2990739
2990743
2990827
2990849
2990907
2990924
2990963
2991144
2991160
2991183
2991393
2991472
2991670
2991727
2991773
2991812
2991831
2991879
2991942
2992060
2992083
2992116
2992139
2992347
2992431
2992588
2992646
2992678
2992699
2992985
2993296
2993324
2993348
2993616
2993765
2993788
2993833
2993866
2993871
2993928
2994025
2994038
2994087
2994115
2994133
2994211
2994388
2994540
2994557
2994564
2994600
2994628
2994634
2994813
2994846
2994878
2994977
2995019
2995024
2995141
2995153
2995225
2995357
2995421
2995527
2995683
2995735
2995746
2995834
2995889
2995908
2996263
2996272
2996327
2996396
2996466
2996516
2996521
2996584
2996700
2996734
2996826
2996937
2997030
2997049
2997284
2997301
2997469
2997487
2997633
2997786
2997798
2997806
2997865
2997926
2997975
2997997
2998045
2998093
2998162
2998201
2998213
2998280
2998377
2998429
2998470
2998619
2998891
2998964
2999070
2999119
2999163
2999190
2999223
2999257
2999604
2999715
2999816
2999821
2999967
2900557
2901357
2902029
2902181
2902575
2902913
2903045
2903254
2903470
2903533
2903775
2903891
2904623
2904721
2905050
2905220
2905345
2905546
2906062
2906145
2906806
2907080
2907610
2907832
2908113
2908307
2909949
2909996
2910131
2910691
2910965
2912018
2912062
2912189
2912193
2912757
2913182
2913194
2913353
2914180
2914363
2914900
2914934
2915511
2915618
2916047
2916066
2916206
2916214
2916237
2916241
2916360
2916446
2916500
2916795
2917184
2917537
2918002
2918077
2918294
2918805
2918812
2919225
2919398
2920372
2920483
2920753
2920770
2921649
2922106
2922421
2922754
2922876
2923688
2923796
2924543
2924734
2924789
2925267
2926514
2926863
2927326
2927528
2927716
2927896
2928038
2928485
2928939
2929027
2929128
2929647
2929712
2929806
2930665
2930727
2930831
2931608
2931909
2931926
2932964
2933257
2933303
2934261
2934787
2935182
2935194
2935598
2935676
2936141
2936312
2936573
2936933
2937324
2937639
2937714
2937928
2938022
2938035
2938054
2938687
2938789
2939103
2939142
2940045
2940061
2940127
2940648
2941009
2941289
2941333
2941431
2941654
2941848
2942144
2942160
2942317
2942481
2942637
2942670
2943340
2943660
2943959
2944221
2944909
2945639
2946231
2946575
2946720
2946954
2947275
2947306
2947661
2947968
2948020
2948229
2948253
2948375
2948589
2949656
2949832
2949858
2951001
2951255
2951687
2952005
2952677
2952945
2953102
2953143
2953431
2954356
2954558
2955066
2955237
2955360
2955480
2955972
2956021
2956050
2956259
2956436
2956481
2956704
2956938
2957173
2957414
2957797
2957912
2957923
2958004
2958277
2958865
2959540
2959600
2959880
2960261
2960498
2960565
2960807
2960819
2960927
2961226
2961283
2961337
2961505
2961854
2962187
2962344
2962623
2963717
2963988
2964407
2964554
2964688
2965608
2965659
2965960
2966952
2967165
2967701
2967947
2968821
2968946
2968967
2969052
2969869
2969905
2970575
2970649
2971862
2972365
2972813
2973335
2973399
2973798
2974291
2974697
2975466
2975844
2976061
2976185
2976998
2977247
2977376
2977501
2977796
2978177
2978261
2978315
2978382
2978464
2978927
2979031
2979122
2979218
2980239
2980399
2980469
2980524
2980572
2980590
2981023
2981057
2981296
2981859
2981871
2982078
2982105
2982112
2982157
2982471
2982494
2982929
2982970
2983015
2983066
2983103
2983413
2983552
2983576
2983827
2984488
2984619
2984690
2985200
2985680
2985949
2986038
2986147
2986244
2986462
2986719
2987070
2987391
2987400
2988048
2988165
2988971
2989068
2989463
2989522
2989692
2990229
2990401
2990640
2990750
2990768
2990777
2990795
2990851
2990873
2990955
2991095
2991614
2991938
2992150
2992836
2992890
2993079
2993113
2993426
2993714
2994418
2994835
2995048
2995192
2995238
2995549
2996776
2997399
2997548
2997712
2997892
2998235
2998492
2998547
2999029
2999264
2999434
2999946
