3900150
3902664
3903219
3905960
3906945
3907966
3913498
3915187
3915631
3916294
3918295
3918615
3918853
3919652
3919736
3920978
3921679
3923712
3926437
3926923
3927665
3930193
3930829
3930926
3931227
3931390
3931684
3933071
3933360
3934173
3935457
3936370
3936736
3937417
3939220
3942590
3943763
3944556
3946422
3946467
3947514
3948233
3948956
3949484
3951402
3951504
3952391
3958296
3960429
3961537
3961592
3962546
3966148
3967211
3969860
3970534
3973432
3973753
3974995
3975982
3975994
3977354
3977837
3979172
3980273
3985437
3985760
3988600
3991615
3993369
3993850
3998179
3900075
3900228
3900382
3900529
3900537
3900667
3900678
3900680
3900756
3900819
3900930
3900949
3901003
3901171
3901473
3901523
3901540
3901564
3901689
3901835
3901878
3901899
3901939
3901977
3901995
3902071
3902082
3902187
3902191
3902360
3902435
3902454
3902480
3902534
3902612
3902716
3902849
3902873
3902896
3902907
3902981
3903001
3903046
3903140
3903157
3903236
3903255
3903349
3903494
3903521
3903550
3903603
3903656
3903761
3903844
3903858
3903970
3904002
3904109
3904183
3904259
3904300
3904345
3904419
3904472
3904481
3904490
3904522
3904637
3904692
3904762
3904956
3905030
3905100
3905128
3905202
3905239
3905295
3905354
3905378
3905380
3905456
3905487
3905536
3905563
3905786
3905806
3905829
3905926
3905932
3905944
3905983
3906012
3906031
3906057
3906122
3906180
3906251
3906262
3906444
3906483
3906538
3906574
3906591
3906621
3906668
3906928
3907024
3907048
3907114
3907331
3907468
3907484
3907495
3907527
3907658
3907735
3907754
3907947
3908092
3908124
3908172
3908240
3908338
3908651
3908868
3908967
3908980
3908999
3909017
3909093
3909130
3909162
3909201
3909299
3909441
3909655
3909672
3909681
3909709
3909869
3909964
3910165
3910287
3910364
3910402
3910484
3910504
3910518
3910551
3910713
3910754
3910845
3911054
3911164
3911186
3911327
3911415
3911433
3911521
3911550
3911584
3911595
3911776
3911789
3911897
3912023
3912113
3912204
3912542
3912602
3912714
3912770
3912820
3912894
3912934
3913168
3913261
3913276
3913289
3913333
3913529
3913537
3913588
3913613
3913703
3913774
3913904
3913927
3913996
3914124
3914190
3914257
3914298
3914325
3914342
3914356
3914493
3914627
3914662
3914802
3914821
3914946
3914967
3914978
3914999
3915047
3915138
3915237
3915288
3915375
3915413
3915435
3915593
3915623
3915702
3915827
3915896
3915907
3915919
3915963
3916160
3916334
3916345
3916376
3916407
3916455
3916653
3916688
3916704
3916805
3916987
3917280
3917302
3917343
3917384
3917395
3917437
3917441
3917488
3917533
3917648
3917672
3917690
3917709
3917760
3917783
3917940
3918152
3918301
3918410
3918507
3918519
3918620
3918757
3918837
3918909
3918932
3919166
3919182
3919194
3919392
3919404
3919462
3919485
3919617
3919676
3919689
3919724
3919748
3919781
3919801
3919835
3919854
3920006
3920190
3920223
3920310
3920356
3920391
3920434
3920461
3920526
3920544
3920558
3920627
3920630
3920708
3920747
3920794
3920884
3921047
3921059
3921187
3921253
3921265
3921332
3921413
3921561
3921593
3921640
3921698
3921716
3921851
3921955
3922010
3922108
3922244
3922314
3922365
3922531
3922634
3922707
3922790
3922921
3922968
3922977
3923051
3923117
3923152
3923216
3923354
3923378
3923410
3923442
3923474
3923555
3923590
3923960
3923983
3923997
3924081
3924141
3924153
3924416
3924484
3924504
3924596
3924675
3924746
3924799
3924959
3924971
3925105
3925157
3925164
3925272
3925420
3925543
3925577
3925595
3925625
3925789
3925875
3925914
3925941
3925953
3925970
3926028
3926470
3926624
3926681
3926726
3926931
3927109
3927183
3927271
3927463
3927535
3927688
3927718
3927749
3927805
3927857
3927956
3928044
3928060
3928075
3928116
3928234
3928261
3928320
3928333
3928347
3928423
3928440
3928592
3928678
3928725
3928756
3928824
3928848
3928890
3928930
3929031
3929079
3929098
3929135
3929178
3929262
3929363
3929372
3929381
3929616
3929741
3929753
3930134
3930202
3930250
3930322
3930354
3930442
3930487
3930615
3930682
3930806
3930932
3931031
3931079
3931460
3931503
3931538
3931741
3932078
3932080
3932099
3932131
3932186
3932290
3932502
3932516
3932717
3932745
3932789
3932992
3933008
3933156
3933206
3933589
3933686
3933702
3933750
3933777
3933784
3933851
3933948
3933963
3933990
3934028
3934045
3934127
3934254
3934299
3934368
3934492
3934533
3934559
3934594
3934619
3934655
3934760
3934905
3935177
3935320
3935405
3935498
3935565
3935738
3935769
3936010
3936133
3936306
3936341
3936353
3936523
3936600
3936772
3936878
3936943
3937205
3937212
3937511
3937560
3937673
3937696
3937802
3937884
3937935
3938114
3938287
3938340
3938357
3938379
3938402
3938416
3938439
3938495
3938562
3938611
3938632
3938893
3939068
3939095
3939215
3939334
3939407
3939448
3939481
3939501
3939513
3939554
3939614
3939857
3940078
3940179
3940186
3940290
3940330
3940373
3940396
3940550
3940642
3940669
3940717
3940844
3940897
3940929
3941028
3941076
3941130
3941149
3941162
3941201
3941222
3941246
3941254
3941302
3941321
3941377
3941429
3941492
3941607
3941619
3941874
3942239
3942268
3942277
3942399
3942410
3942469
3942555
3942563
3942608
3942615
3942682
3942757
3942779
3942837
3942892
3942909
3942958
3942997
3943069
3943115
3943159
3943232
3943244
3943283
3943314
3943473
3943617
3943724
3943854
3943977
3944012
3944227
3944444
3944460
3944737
3944952
3945041
3945369
3945374
3945387
3945391
3945452
3945461
3945509
3945733
3945839
3945901
3945954
3946008
3946288
3946480
3946589
3946605
3946664
3946686
3946698
3946743
3946830
3946851
3946936
3947026
3947032
3947168
3947276
3947333
3947553
3947588
3947742
3947872
3947904
3947985
3948016
3948271
3948389
3948522
3948692
3948718
3948805
3949063
3949090
3949106
3949153
3949238
3949291
3949340
3949443
3949549
3949713
3949746
3949908
3950010
3950025
3950166
3950182
3950388
3950392
3950430
3950473
3950505
3950598
3950645
3950689
3950693
3950719
3950724
3950854
3950977
3951007
3951024
3951048
3951063
3951129
3951141
3951210
3951305
3951312
3951386
3951443
3951495
3951609
3951611
3951697
3951701
3951713
3951735
3951817
3951920
3952342
3952417
3952452
3952627
3952649
3952715
3952733
3952766
3952895
3952978
3953034
3953104
3953173
3953185
3953222
3953254
3953343
3953429
3953465
3953690
3954059
3954191
3954214
3954545
3954561
3954612
3954664
3954679
3954750
3954924
3954955
3955095
3955158
3955220
3955247
3955271
3955407
3955419
3955472
3955490
3955535
3955580
3955864
3955886
3956085
3956152
3956216
3956243
3956268
3956313
3956335
3956354
3956555
3956671
3956870
3956888
3956926
3956975
3957022
3957046
3957112
3957255
3957281
3957396
3957415
3957447
3957550
3957638
3957642
3957761
3957832
3957844
3957941
3957970
3957992
3958098
3958135
3958178
3958251
3958348
3958363
3958444
3958460
3958503
3958556
3958574
3958616
3958668
3958706
3958792
3958808
3958815
3958934
3959011
3959026
3959276
3959371
3959423
3959431
3959479
3959514
3959588
3959622
3959769
3959787
3959824
3960028
3960089
3960118
3960127
3960213
3960246
3960299
3960384
3960571
3960594
3960619
3960732
3960775
3960783
3960810
3961044
3961289
3961320
3961529
3961646
3961678
3961738
3961742
3961927
3962021
3962043
3962111
3962158
3962317
3962328
3962376
3962455
3962481
3962554
3962665
3962670
3962762
3962969
3963153
3963210
3963256
3963269
3963323
3963439
3963443
3963495
3963644
3963735
3963817
3963828
3963852
3964027
3964096
3964134
3964367
3964403
3964442
3964469
3964615
3964633
3964666
3964682
3964694
3964757
3964764
3964870
3965180
3965262
3965426
3965483
3965497
3965695
3965714
3965741
3966014
3966070
3966181
3966342
3966356
3966369
3966428
3966511
3966526
3966532
3966794
3966816
3966843
3966868
3966884
3966999
3967074
3967166
3967365
3967388
3967430
3967451
3967485
3967755
3967781
3967801
3967902
3968138
3968174
3968187
3968292
3968311
3968326
3968344
3968413
3968446
3968478
3968528
3968545
3968552
3968576
3968739
3968830
3968896
3968963
3969112
3969236
3969304
3969447
3969687
3969789
3969897
3969914
3969937
3969970
3970110
3970187
3970332
3970344
3970360
3970605
3970612
3970623
3970679
3970721
3970862
3971039
3971084
3971132
3971197
3971247
3971389
3971501
3971522
3971546
3971614
3971670
3971704
3971730
3971749
3971751
3971812
3971840
3971886
3971898
3971903
3971910
3972075
3972116
3972217
3972228
3972315
3972382
3972498
3972506
3972601
3972710
3972819
3972872
3973031
3973113
3973178
3973336
3973525
3973643
3973668
3973945
3973976
3974074
3974087
3974275
3974306
3974462
3974693
3974899
3974984
3975072
3975192
3975210
3975323
3975331
3975357
3975443
3975468
3975530
3975596
3975767
3975778
3975861
3975966
3976054
3976067
3976198
3976290
3976318
3976396
3976502
3976539
3976584
3976603
3976610
3976700
3976826
3976858
3977073
3977193
3977301
3977555
3977572
3977615
3977620
3977712
3977853
3977870
3977958
3977997
3978017
3978061
3978118
3978339
3978566
3978619
3978648
3978655
3978869
3978874
3979231
3979325
3979391
3979428
3979461
3979509
3979782
3979946
3980005
3980012
3980064
3980101
3980135
3980227
3980426
3980483
3980894
3980928
3980976
3980989
3981136
3981223
3981264
3981303
3981356
3981369
3981374
3981387
3981391
3981461
3981544
3981627
3981884
3982072
3982137
3982141
3982170
3982188
3982203
3982210
3982291
3982468
3982530
3982585
3982675
3982852
3982971
3983016
3983220
3983393
3983501
3983522
3983614
3983637
3983641
3983692
3983785
3983812
3983903
3983956
3983974
3984035
3984046
3984105
3984415
3984642
3984674
3984691
3984826
3984860
3985000
3985130
3985185
3985267
3985414
3985470
3985533
3985663
3985803
3985869
3986097
3986217
3986228
3986315
3986320
3986405
3986553
3986678
3986791
3986824
3986930
3987008
3987020
3987059
3987191
3987253
3987265
3987358
3987413
3987605
3987784
3987851
3987862
3987990
3988042
3988108
3988147
3988211
3988275
3988283
3988297
3988353
3988404
3988496
3988634
3988781
3988790
3988813
3988867
3988943
3988968
3989189
3989193
3989410
3989519
3989524
3989548
3989712
3989853
3990068
3990144
3990197
3990215
3990220
3990282
3990334
3990670
3990704
3990727
3990785
3990864
3990974
3991062
3991100
3991161
3991378
3991410
3991555
3991764
3991944
3991975
3992151
3992339
3992492
3992874
3992912
3992964
3993124
3993257
3993286
3993445
3993630
3993759
3994011
3994097
3994116
3994150
3994168
3994359
3994366
3994431
3994699
3994756
3994881
3994904
3994930
3994949
3994962
3994973
3995056
3995115
3995353
3995418
3995430
3995496
3995557
3995600
3995676
3995748
3995781
3995822
3995846
3995950
3996170
3996210
3996269
3996274
3996287
3996312
3996402
3996468
3996495
3996585
3996596
3996609
3996683
3996697
3996754
3997005
3997031
3997178
3997218
3997538
3997714
3997847
3997859
3997894
3998385
3998521
3998543
3998550
3998584
3998656
3998717
3998897
3998988
3999094
3999435
3999446
3999499
3999576
3999657
3999739
3999777
3999955
3900032
3900060
3900347
3900486
3900635
3901260
3901306
3901329
3901813
3901867
3901916
3902589
3902768
3903099
3903776
3904578
3904879
3905740
3906113
3906296
3906336
3906525
3906695
3906866
3906900
3907876
3908400
3908493
3908747
3909034
3909339
3909343
3909488
3909775
3910660
3910683
3910817
3911290
3911577
3911603
3911883
3913217
3913228
3913371
3913412
3913680
3914148
3914163
3914240
3914526
3914544
3914618
3914720
3914816
3915383
3916158
3916215
3916823
3917045
3917127
3918018
3918051
3918096
3918117
3918764
3919878
3920509
3920597
3920733
3920766
3920868
3920922
3920946
3921777
3921804
3921919
3922003
3922069
3922736
3922902
3923134
3924007
3924551
3925330
3925858
3925965
3926104
3926130
3926254
3926406
3926797
3928102
3928308
3928537
3928654
3928769
3928855
3929677
3929792
3929871
3930438
3931154
3931621
3932164
3932219
3932459
3932700
3932776
3933237
3933743
3934061
3934278
3934607
3934648
3934783
3935011
3935541
3936984
3937257
3937685
3937733
3937901
3938106
3938170
3939490
3939762
3939886
3940263
3940408
3940638
3940656
3942548
3942740
3943182
3943719
3944285
3944348
3945980
3946071
3946804
3947622
3948084
3948144
3948567
3948727
3948751
3948857
3949141
3949518
3950404
3951518
3951947
3952325
3952526
3952618
3953076
3953149
3953488
3953732
3953905
3954020
3954478
3955126
3955481
3955857
3956134
3956705
3956892
3956932
3957164
3957811
3958199
3958741
3958976
3959440
3959457
3960856
3960887
3961228
3961498
3961654
3961699
3961949
3962084
3962132
3962614
3962629
3962879
3963170
3963203
3963225
3963242
3963722
3964128
3964335
3964590
3965381
3965621
3966119
3966136
3966240
3966895
3967025
3967835
3967950
3968008
3968047
3968454
3968702
3969198
3969385
3969656
3969832
3970020
3970237
3970375
3971864
3972009
3972347
3972678
3972863
3973098
3973833
3974427
3975562
3975876
3976304
3976883
3977380
3977659
3978162
3978196
3978350
3978368
3978488
3978709
3979107
3979434
3979715
3979733
3979747
3980023
3980409
3980503
3980542
3980737
3981181
3981895
3982036
3982357
3982518
3982754
3983670
3983805
3984054
3984290
3984844
3985368
3985838
3986102
3986819
3986872
3986904
3986985
3987187
3987664
3987777
3987818
3988755
3988916
3989073
3989145
3989615
3989786
3990016
3990095
3990361
3990389
3990796
3991524
3991563
3991620
3991841
3991888
3991926
3991958
3992045
3992302
3992316
3992429
3992566
3993766
3993946
3994514
3994769
3994863
3995038
3995042
3995087
3995091
3995404
3995523
3995645
3996799
3996915
3997012
3997285
3999214
3999237
3999288
3999528
3999716
3999768
3999907
3999963
