2403763
2405649
2408126
2408718
2411244
2411314
2415161
2417323
2418374
2418766
2419377
2422321
2424044
2424592
2425451
2428248
2429750
2431750
2432736
2435745
2435826
2442733
2444528
2444686
2448319
2451863
2452840
2454491
2456839
2457341
2458397
2459248
2460713
2460778
2461304
2461459
2461761
2464922
2467655
2469329
2474368
2477493
2479271
2481637
2483510
2483639
2483945
2484902
2486745
2487295
2488280
2490833
2491843
2494459
2495235
2495437
2496996
2497015
2497534
2497936
2498182
2499682
2499944
2400140
2400236
2400272
2400349
2400385
2400408
2400466
2400502
2400669
2400700
2400717
2400970
2401000
2401149
2401246
2401368
2401414
2401488
2401744
2401940
2402100
2402117
2402128
2402134
2402216
2402250
2402301
2402367
2402442
2402524
2402555
2402572
2402620
2402705
2402786
2403087
2403108
2403147
2403166
2403244
2403306
2403370
2403485
2403634
2403661
2403676
2404098
2404122
2404135
2404167
2404426
2404460
2404574
2404643
2404695
2404706
2404741
2404866
2404894
2404934
2404945
2404989
2405037
2405107
2405257
2405417
2405434
2405583
2405618
2405708
2405720
2405794
2405895
2405901
2406008
2406125
2406142
2406344
2406413
2406446
2406499
2406517
2406534
2406576
2406743
2406768
2406896
2406963
2407009
2407032
2407150
2407177
2407195
2407320
2407498
2407553
2407588
2407613
2407646
2407769
2407787
2407791
2407848
2407855
2407904
2408016
2408084
2408132
2408160
2408247
2408271
2408282
2408455
2408599
2408629
2408987
2409019
2409036
2409165
2409170
2409188
2409274
2409331
2409340
2409609
2409754
2409800
2409834
2409861
2409889
2409947
2410009
2410011
2410026
2410139
2410228
2410261
2410293
2410320
2410394
2410405
2410423
2410486
2410498
2410553
2410635
2410710
2410791
2410824
2410855
2410863
2410890
2411074
2411115
2411147
2411159
2411211
2411275
2411341
2411353
2411388
2411392
2411418
2411473
2411661
2411676
2411755
2411950
2412015
2412059
2412094
2412397
2412589
2412605
2412686
2412698
2412804
2412955
2412972
2413022
2413272
2413330
2413415
2413459
2413466
2413610
2413642
2413883
2414043
2414109
2414266
2414328
2414334
2414376
2414513
2414629
2414641
2414670
2414704
2414727
2414773
2414956
2414974
2415085
2415295
2415346
2415548
2415555
2415590
2415764
2416031
2416154
2416218
2416249
2416411
2416432
2416765
2416788
2416847
2416928
2416952
2417048
2417055
2417081
2417340
2417357
2417439
2417468
2417484
2417518
2417626
2417713
2417817
2417834
2417959
2418053
2418119
2418155
2418264
2418303
2418391
2418417
2418476
2418526
2418575
2418627
2418673
2418720
2418868
2418877
2418913
2419149
2419222
2419299
2419520
2419566
2419709
2419825
2420039
2420077
2420095
2420144
2420247
2420294
2420345
2420599
2420688
2420692
2420831
2420886
2420898
2420925
2420956
2420991
2421051
2421062
2421216
2421239
2421243
2421438
2421507
2421548
2421581
2421712
2421779
2421786
2421798
2421814
2421926
2422017
2422052
2422151
2422201
2422267
2422302
2422339
2422377
2422395
2422547
2422582
2422636
2422825
2422887
2423065
2423119
2423181
2423369
2423434
2423489
2423618
2423954
2424026
2424423
2424703
2424819
2425025
2425038
2425056
2425091
2425147
2425676
2425880
2425921
2426170
2426331
2426402
2426530
2426596
2426675
2426754
2426799
2426893
2426915
2426933
2426982
2427005
2427249
2427273
2427363
2427458
2427510
2427542
2427668
2427684
2427737
2427741
2427788
2427945
2428001
2428198
2428255
2428304
2428330
2428351
2428385
2428516
2428543
2428550
2428584
2428674
2428691
2428937
2429020
2429156
2429344
2429422
2429605
2429804
2429827
2429873
2429981
2430119
2430257
2430434
2430452
2430509
2430597
2430673
2430999
2431066
2431142
2431241
2431292
2431446
2431478
2431679
2431777
2431784
2432042
2432194
2432283
2432404
2432523
2432564
2432598
2432835
2432899
2432902
2432943
2433004
2433030
2433176
2433243
2433277
2433548
2433572
2433786
2433892
2434019
2434024
2434203
2434238
2434402
2434421
2434439
2434450
2434551
2434701
2434713
2434722
2434817
2434828
2434915
2434966
2435022
2435219
2435255
2435272
2435396
2435420
2435516
2435521
2435610
2435844
2435906
2436045
2436052
2436130
2436196
2436406
2436470
2436663
2436732
2437021
2437095
2437158
2437197
2437208
2437317
2437328
2437376
2437389
2437463
2437490
2437513
2437522
2437614
2437670
2437692
2437704
2437796
2437812
2437910
2437938
2437991
2438011
2438083
2438102
2438150
2438195
2438347
2438457
2438464
2438506
2438680
2438951
2439023
2439079
2439122
2439262
2439475
2439753
2439788
2439820
2439952
2439976
2439989
2440115
2440133
2440159
2440283
2440314
2440531
2440598
2440645
2440724
2440736
2440854
2440867
2440880
2440995
2441019
2441153
2441379
2441443
2441562
2441573
2441596
2441658
2441908
2442006
2442029
2442037
2442119
2442155
2442205
2442212
2442338
2442400
2442434
2442532
2442575
2442630
2442651
2442766
2442839
2442868
2442895
2442935
2442980
2443061
2443104
2443127
2443130
2443185
2443339
2443343
2443406
2443441
2443492
2443533
2443547
2443732
2443758
2443775
2443810
2443874
2443912
2443986
2444033
2444206
2444229
2444253
2444265
2444401
2444413
2444561
2444721
2444750
2444827
2444919
2444955
2445132
2445158
2445259
2445271
2445294
2445334
2445345
2445455
2445599
2445692
2445704
2445785
2445879
2445898
2446004
2446027
2446202
2446239
2446346
2446354
2446410
2446536
2446548
2446723
2446909
2447105
2447131
2447224
2447236
2447248
2447330
2447415
2447447
2447539
2447610
2447734
2447776
2447844
2447897
2447992
2448262
2448390
2448426
2448432
2448460
2448574
2448677
2448815
2448928
2448934
2448945
2449032
2449075
2449121
2449245
2449359
2449570
2449601
2449678
2449791
2449807
2449890
2449904
2449996
2450076
2450104
2450151
2450339
2450429
2450492
2450648
2450726
2450744
2450923
2450979
2451139
2451177
2451217
2451234
2451405
2451457
2451464
2451486
2451537
2451646
2451654
2451996
2452043
2452247
2452259
2452271
2452317
2452334
2452407
2452448
2452472
2452580
2452749
2452812
2453055
2453357
2453364
2453439
2453495
2453573
2453780
2453828
2453845
2453959
2454027
2454049
2454051
2454176
2454250
2454268
2454322
2454335
2454438
2454563
2454633
2454926
2454944
2455005
2455086
2455146
2455444
2455753
2455917
2455945
2456053
2456136
2456190
2456257
2456264
2456303
2456310
2456325
2456391
2456662
2456733
2456816
2456895
2456946
2457042
2457069
2457091
2457353
2457430
2457462
2457579
2457598
2457600
2457617
2457693
2457772
2457813
2457950
2457968
2457977
2458020
2458066
2458174
2458265
2458344
2458446
2458664
2458750
2459067
2459078
2459179
2459186
2459502
2459669
2459789
2459929
2460019
2460055
2460063
2460114
2460165
2460192
2460238
2460242
2460398
2460450
2460551
2460632
2460735
2460834
2460920
2460959
2460971
2461131
2461207
2461219
2461236
2461290
2461349
2461362
2461543
2461577
2461638
2461809
2461832
2462005
2462113
2462251
2462355
2462409
2462411
2462432
2462483
2462616
2462668
2462677
2462859
2462882
2462917
2462989
2463011
2463026
2463139
2463150
2463217
2463228
2463320
2463333
2463366
2463371
2463394
2463412
2463431
2463464
2463541
2463654
2463678
2463699
2463742
2463927
2463930
2463949
2463973
2464053
2464155
2464163
2464338
2464391
2464417
2464476
2464493
2464544
2464560
2464604
2464662
2464839
2464884
2464895
2464946
2465015
2465103
2465174
2465206
2465401
2465500
2465612
2465716
2465907
2465981
2466043
2466132
2466158
2466175
2466215
2466282
2466376
2466578
2466580
2466599
2466606
2466704
2467104
2467213
2467368
2467414
2467429
2467515
2467594
2467709
2467940
2468030
2468073
2468346
2468367
2468399
2468469
2468507
2468581
2468608
2468757
2468837
2468865
2468909
2469171
2469297
2469427
2469473
2469540
2469557
2469600
2469652
2469676
2469693
2469748
2469763
2469822
2469846
2469921
2469968
2470301
2470536
2470757
2470779
2470806
2470814
2470975
2470983
2471057
2471135
2471178
2471336
2471372
2471542
2471602
2471729
2471737
2471741
2471871
2471894
2471917
2471934
2472373
2472433
2472471
2472550
2472687
2472832
2472858
2472929
2472937
2473103
2473138
2473191
2473270
2473292
2473326
2473332
2473467
2473589
2473605
2474000
2474149
2474185
2474566
2474619
2474655
2474758
2474964
2474979
2475011
2475143
2475150
2475276
2475486
2475654
2475791
2475930
2476003
2476069
2476087
2476115
2476133
2476226
2476297
2476337
2476370
2476462
2476557
2476586
2476645
2476689
2476693
2476763
2476854
2476867
2476943
2477029
2477356
2477461
2477544
2477630
2477685
2477747
2478007
2478072
2478188
2478274
2478287
2478323
2478609
2478683
2478959
2479068
2479144
2479215
2479522
2479599
2479614
2479727
2479956
2479969
2479974
2480059
2480082
2480241
2480253
2480270
2480435
2480467
2480795
2481111
2481282
2481361
2481419
2481463
2481481
2481578
2481665
2481670
2481718
2481730
2481762
2481796
2481812
2481831
2481898
2481938
2481942
2482228
2482479
2482498
2482553
2482622
2482678
2482699
2482703
2482756
2482863
2482918
2483012
2483122
2483218
2483307
2483363
2483381
2483503
2483525
2483556
2483591
2483621
2483643
2483894
2483952
2484056
2484306
2484353
2484392
2484427
2484586
2484693
2484724
2484835
2484950
2485114
2485188
2485269
2485439
2485468
2485697
2485780
2485799
2485852
2485908
2486035
2486112
2486140
2486236
2486351
2486482
2486516
2486584
2486674
2486858
2486875
2487018
2487085
2487100
2487189
2487410
2487507
2487620
2487731
2487829
2487892
2487932
2488052
2488076
2488151
2488267
2488406
2488414
2488429
2488453
2488470
2488508
2488624
2488783
2488874
2488905
2488923
2489037
2489065
2489155
2489172
2489325
2489434
2489445
2489509
2489532
2489558
2489782
2489850
2489922
2489978
2490079
2490218
2490307
2490475
2490497
2490574
2490616
2490643
2490714
2490729
2490737
2490765
2490792
2491136
2491172
2491212
2491223
2491257
2491286
2491303
2491342
2491374
2491400
2491417
2491452
2491630
2491649
2491662
2491685
2491696
2491733
2491954
2492137
2492141
2492256
2492312
2492357
2492364
2492551
2492562
2492701
2492735
2492861
2492933
2492947
2493111
2493158
2493317
2493328
2493448
2493501
2493567
2493578
2493629
2493653
2493840
2493864
2493910
2493942
2494001
2494078
2494080
2494112
2494236
2494248
2494318
2494330
2494466
2494656
2494674
2494809
2494860
2494897
2495052
2495093
2495151
2495343
2495406
2495488
2495582
2495619
2495636
2495732
2495783
2495986
2496075
2496184
2496315
2496382
2496440
2496464
2496588
2496613
2496654
2496791
2496836
2496855
2496962
2496973
2497082
2497169
2497187
2497206
2497253
2497375
2497435
2497467
2497605
2497640
2497750
2497896
2498025
2498194
2498232
2498418
2498473
2498564
2498719
2498772
2498781
2498822
2498968
2498995
2499051
2499085
2499152
2499216
2499239
2499243
2499301
2499403
2499469
2499519
2499572
2499694
2499731
2400080
2400112
2400539
2400965
2400988
2401213
2401566
2401571
2401690
2401838
2401998
2402322
2402491
2402779
2403025
2403120
2403579
2404324
2404432
2404591
2404765
2404833
2404993
2405006
2405029
2405374
2405821
2405946
2406174
2406358
2407139
2407394
2407529
2407570
2407703
2407774
2407863
2407962
2408109
2408317
2409106
2409210
2409817
2409959
2410075
2410116
2410308
2410359
2410836
2411091
2411260
2411306
2411813
2411902
2412344
2412422
2412478
2412499
2412936
2412948
2413482
2413752
2414050
2414183
2414393
2415250
2415380
2415705
2415723
2415731
2416079
2416616
2416639
2416684
2416753
2416866
2416989
2417256
2417379
2417421
2417504
2417644
2417908
2417915
2418041
2418452
2419052
2419061
2419151
2419441
2419582
2420215
2420580
2420718
2420812
2421572
2421764
2422278
2422299
2422406
2422437
2422624
2422709
2422891
2423558
2423978
2424168
2424962
2425531
2425598
2425846
2425943
2426019
2426398
2426947
2427086
2427146
2427324
2427411
2427989
2428929
2429138
2429206
2429237
2429332
2429612
2429743
2429896
2430088
2430884
2430922
2431071
2431103
2431517
2431795
2431907
2432108
2432557
2433018
2433487
2433958
2434484
2434562
2434778
2435198
2435351
2435642
2436127
2436162
2436222
2436235
2436377
2436607
2437653
2438412
2438541
2438703
2439057
2439230
2439497
2439770
2440194
2440211
2440628
2440676
2440707
2441323
2441947
2442231
2442493
2443173
2443235
2443246
2443681
2444612
2444702
2445317
2445522
2445974
2446085
2447603
2447691
2447914
2447937
2448023
2448411
2448458
2448525
2448542
2449553
2449667
2450760
2451009
2451359
2452095
2452144
2452233
2452361
2452903
2452991
2453007
2453081
2453090
2453242
2453852
2454062
2454134
2454277
2454572
2454786
2455587
2455900
2455934
2455961
2456356
2456461
2456511
2456651
2456868
2457108
2457586
2457676
2458375
2458743
2458795
2458873
2459584
2459953
2460106
2460549
2462023
2462135
2462684
2462792
2462808
2462952
2464954
2465138
2465156
2465187
2465768
2465777
2466259
2466670
2466785
2467547
2468062
2468380
2468798
2468841
2469091
2469244
2469689
2469813
2470335
2470442
2471587
2471900
2472035
2472970
2473528
2473885
2473896
2474093
2474488
2474775
2475601
2476258
2476496
2476748
2477041
2477053
2477257
2477884
2478114
2478484
2478933
2479132
2480174
2480187
2480265
2481068
2481455
2481773
2482044
2482613
2483859
2484211
2484232
2484531
2484564
2484652
2484781
2485129
2485357
2485549
2485562
2486263
2486691
2487911
2487997
2488196
2488246
2489190
2489400
2489604
2489747
2489802
2490057
2490569
2490668
2491041
2491092
2491231
2491715
2491884
2492055
2492063
2492611
2493345
2493879
2495162
2495201
2495711
2495775
2495874
2496570
2496738
2496872
2497008
2497110
2497288
2497401
2497454
2497552
2497777
2498226
2498835
2499134
2499322
2499786
