4100580
4102076
4102395
4107993
4108408
4109698
4109750
4112323
4113665
4115302
4118645
4119189
4120687
4123275
4123531
4124444
4128361
4128969
4131274
4131402
4132511
4133681
4134777
4137236
4137568
4139985
4140400
4142147
4143145
4144484
4147969
4148904
4153020
4153110
4153623
4154076
4160214
4160631
4161637
4161805
4164337
4168118
4168869
4171819
4173658
4174027
4174519
4178589
4180683
4180778
4181022
4181595
4182199
4182363
4182409
4183457
4183710
4184922
4185851
4186158
4186419
4191473
4192716
4194175
4198325
4100175
4100233
4100247
4100282
4100352
4100490
4100665
4100670
4100718
4100727
4100805
4100823
4100938
4100956
4100987
4101062
4101152
4101202
4101295
4101469
4101572
4101581
4101615
4101671
4101740
4101779
4101997
4102000
4102149
4102235
4102246
4102321
4102429
4102571
4102607
4102681
4102758
4102810
4102891
4102940
4103014
4103029
4103264
4103286
4103374
4103387
4103445
4103489
4103544
4103560
4103575
4103604
4103850
4103877
4103946
4104011
4104150
4104184
4104195
4104234
4104464
4104588
4104646
4104742
4104824
4104951
4105166
4105171
4105194
4105209
4105260
4105404
4105496
4105693
4105724
4105939
4106153
4106188
4106203
4106242
4106274
4106323
4106386
4106402
4106450
4106549
4106626
4106701
4106780
4106893
4106966
4106971
4107079
4107101
4107167
4107180
4107432
4107444
4107460
4107538
4107591
4107668
4107684
4107714
4107737
4108140
4108207
4108318
4108373
4108385
4108459
4108625
4108656
4108717
4108734
4108860
4108953
4108965
4109020
4109059
4109229
4109309
4109326
4109358
4109360
4109435
4109454
4109467
4109500
4109631
4109777
4109795
4109849
4109862
4109907
4109972
4109981
4110005
4110040
4110057
4110079
4110178
4110204
4110324
4110426
4110556
4110574
4110815
4110820
4110882
4111119
4111124
4111231
4111428
4111434
4111452
4111759
4111901
4111954
4111967
4111980
4112019
4112114
4112129
4112141
4112165
4112225
4112242
4112287
4112331
4112357
4112386
4112402
4112573
4112701
4112778
4112828
4112966
4113197
4113317
4113419
4113606
4113688
4113718
4113727
4113749
4113762
4113812
4113840
4113864
4114001
4114330
4114717
4114860
4114875
4115267
4115316
4115414
4115582
4115607
4115797
4115874
4116032
4116168
4116217
4116261
4116315
4116366
4116498
4116506
4116678
4116680
4116836
4116949
4116951
4117253
4117311
4117383
4117435
4117446
4117561
4117640
4117679
4117686
4117702
4117963
4118003
4118133
4118171
4118226
4118258
4118365
4118449
4118586
4118600
4118724
4118755
4118772
4118878
4118984
4119051
4119073
4119145
4119152
4119313
4119346
4119442
4119590
4119666
4119909
4119926
4120013
4120080
4120112
4120164
4120179
4120351
4120396
4120482
4120568
4120656
4120700
4120752
4120789
4120844
4120858
4120860
4121127
4121246
4121278
4121302
4121316
4121339
4121437
4121566
4121681
4121711
4121869
4121979
4122100
4122145
4122221
4122243
4122403
4122425
4122469
4122536
4122563
4122814
4122888
4122926
4123025
4123166
4123209
4123449
4123485
4123496
4123652
4123693
4123707
4123736
4123772
4123801
4123846
4123977
4123984
4124012
4124086
4124180
4124249
4124319
4124591
4124602
4124643
4124729
4124808
4124820
4124917
4124928
4124952
4125053
4125163
4125286
4125342
4125356
4125374
4125489
4125802
4125843
4125850
4126047
4126292
4126360
4126375
4126401
4126480
4126517
4126589
4126818
4126896
4126919
4126936
4126955
4126972
4127011
4127044
4127058
4127075
4127083
4127102
4127116
4127234
4127347
4127431
4127457
4127553
4127601
4127654
4127725
4127836
4127918
4127930
4127962
4128016
4128039
4128160
4128247
4128481
4128546
4128578
4128641
4128653
4128665
4128688
4128762
4128831
4128840
4128903
4128987
4128991
4129106
4129137
4129192
4129225
4129504
4129530
4129611
4129697
4129754
4129778
4129799
4129817
4129852
4129876
4129908
4129915
4129966
4130038
4130147
4130232
4130258
4130314
4130388
4130531
4130628
4130736
4130790
4130813
4130822
4130878
4130939
4130995
4131048
4131137
4131256
4131287
4131416
4131421
4131527
4131658
4131701
4131780
4131817
4131889
4131982
4132070
4132107
4132212
4132264
4132279
4132356
4132428
4132560
4132673
4132766
4132794
4132850
4132901
4133089
4133104
4133151
4133173
4133395
4133429
4133636
4133711
4133775
4133979
4134008
4134059
4134142
4134156
4134288
4134454
4134467
4134478
4134499
4134500
4134612
4134702
4134795
4134955
4134963
4135043
4135050
4135448
4135455
4135578
4135599
4135653
4135730
4135796
4135910
4135938
4136096
4136100
4136216
4136367
4136442
4136507
4136548
4136572
4136671
4136740
4136837
4136926
4136975
4137105
4137112
4137123
4137351
4137420
4137433
4137745
4137929
4137988
4138324
4138458
4138475
4138668
4138753
4138808
4138976
4138993
4139083
4139200
4139592
4139787
4140070
4140136
4140212
4140417
4140434
4140476
4140560
4140759
4140802
4140901
4141020
4141033
4141138
4141191
4141229
4141332
4141358
4141623
4141657
4141698
4141739
4141768
4141784
4141862
4141873
4141936
4142120
4142209
4142388
4142392
4142512
4142531
4142540
4142557
4142628
4142634
4142689
4142772
4143027
4143202
4143335
4143367
4143378
4143380
4143399
4143425
4143474
4143524
4143712
4143764
4143786
4143814
4143853
4143870
4144036
4144055
4144153
4144269
4144287
4144291
4144421
4144468
4144530
4144551
4144658
4144660
4144767
4144778
4144915
4145080
4145131
4145157
4145433
4145494
4145761
4145793
4145844
4145875
4145953
4145992
4146089
4146196
4146278
4146302
4146350
4146624
4146655
4146810
4146869
4146979
4147144
4147328
4147334
4147448
4147463
4147472
4147513
4147567
4147653
4147762
4147823
4147956
4147991
4148032
4148058
4148276
4148293
4148394
4148412
4148479
4148506
4148622
4148819
4149057
4149079
4149227
4149324
4149348
4149525
4149556
4149737
4149765
4149820
4149859
4149945
4150018
4150152
4150193
4150221
4150403
4150442
4150491
4150563
4150590
4150620
4150647
4150659
4150731
4150837
4150841
4150975
4150997
4151005
4151064
4151249
4151348
4151372
4151390
4151409
4151460
4151483
4151542
4151587
4151621
4151706
4151737
4151753
4151792
4151859
4151952
4152022
4152067
4152164
4152198
4152219
4152224
4152236
4152327
4152330
4152385
4152482
4152502
4152516
4152638
4152669
4152687
4152728
4152776
4152914
4153047
4153174
4153241
4153311
4153326
4153360
4153397
4153422
4153593
4153640
4153721
4153907
4154267
4154278
4154384
4154533
4154607
4154619
4154681
4155032
4155044
4155060
4155234
4155276
4155394
4155457
4155498
4155635
4155756
4155836
4155890
4155927
4155996
4156010
4156025
4156069
4156194
4156226
4156260
4156523
4156564
4156693
4156772
4156899
4157190
4157257
4157391
4157452
4157575
4157627
4157649
4157708
4157733
4157868
4157954
4158072
4158081
4158137
4158323
4158357
4158364
4158416
4158495
4158573
4158611
4158632
4158713
4158735
4158767
4158933
4159043
4159109
4159220
4159233
4159259
4159271
4159328
4159345
4159361
4159376
4159419
4159455
4159554
4159599
4159606
4159727
4159812
4159879
4159974
4160015
4160047
4160138
4160253
4160480
4160528
4160851
4160948
4161215
4161233
4161259
4161282
4161334
4161393
4161472
4161501
4161554
4161567
4161688
4161812
4162026
4162032
4162150
4162168
4162261
4162464
4162498
4162529
4162553
4162592
4162622
4162646
4162848
4162872
4162930
4162973
4162985
4163031
4163079
4163101
4163135
4163538
4163621
4163650
4163695
4163882
4163900
4163917
4163961
4164038
4164462
4164628
4164707
4164867
4164916
4164943
4164984
4165007
4165305
4165443
4165484
4165611
4165683
4165933
4165947
4165959
4165971
4166054
4166207
4166318
4166415
4166459
4166494
4166577
4166642
4166789
4166860
4166883
4167004
4167216
4167301
4167322
4167438
4167487
4167731
4167740
4167786
4167798
4167853
4167932
4167983
4168093
4168104
4168429
4168437
4168624
4168681
4168758
4168923
4169014
4169148
4169342
4169434
4169445
4169452
4169509
4169526
4169627
4169651
4169715
4169868
4169913
4169922
4169999
4170000
4170028
4170089
4170508
4170559
4170636
4170663
4170803
4170856
4170891
4170979
4171150
4171276
4171769
4171881
4171918
4172002
4172016
4172095
4172144
4172160
4172220
4172424
4172436
4172718
4172749
4172805
4172938
4172969
4172991
4173256
4173323
4173357
4173518
4173527
4173562
4173573
4173632
4173644
4173861
4173920
4174128
4174134
4174161
4174313
4174322
4174346
4174425
4174633
4174682
4174731
4174786
4174806
4174888
4174958
4174983
4175005
4175079
4175319
4175324
4175372
4175409
4175475
4175497
4175525
4175616
4175684
4175737
4175741
4175900
4175945
4175961
4176037
4176065
4176124
4176136
4176286
4176342
4176400
4176445
4176493
4176532
4176544
4176583
4176630
4176673
4176884
4176935
4177010
4177108
4177258
4177275
4177314
4177341
4177418
4177462
4177531
4177628
4177634
4177707
4178191
4178229
4178237
4178270
4178292
4178480
4178534
4178631
4178686
4178739
4178885
4178936
4178972
4179224
4179568
4179577
4179595
4179669
4179752
4179858
4179970
4179988
4180019
4180165
4180188
4180210
4180443
4180527
4180596
4180632
4180817
4180947
4181035
4181046
4181078
4181433
4181691
4181809
4181811
4181860
4181914
4181988
4182113
4182227
4182336
4182432
4182788
4182792
4182820
4183075
4183102
4183150
4183382
4183412
4183423
4183514
4183541
4183588
4183680
4183699
4183872
4183904
4184190
4184205
4184286
4184434
4184511
4184544
4184597
4184630
4184696
4184877
4185142
4185253
4185265
4185326
4185358
4185375
4185467
4185664
4185818
4185830
4185849
4185885
4185972
4186002
4186016
4186021
4186095
4186233
4186247
4186448
4186501
4186567
4186773
4186805
4186974
4187201
4187395
4187453
4187636
4187648
4187758
4187760
4187775
4187856
4187998
4188193
4188301
4188380
4188425
4188456
4188536
4188633
4188712
4188932
4188975
4189091
4189115
4189120
4189133
4189392
4189496
4189579
4189652
4189689
4189693
4189822
4189977
4190044
4190177
4190382
4190537
4190601
4190613
4190654
4190699
4190819
4190996
4191091
4191108
4191115
4191171
4191283
4191341
4191485
4191586
4191661
4191921
4191943
4191968
4192071
4192174
4192187
4192191
4192253
4192288
4192375
4192397
4192480
4192561
4192593
4192686
4192743
4192784
4192896
4192907
4192936
4192963
4193013
4193022
4193131
4193186
4193207
4193304
4193330
4193349
4193415
4193420
4193433
4193568
4193674
4193687
4193752
4193826
4193844
4193897
4194039
4194132
4194144
4194271
4194294
4194328
4194334
4194448
4194472
4194653
4194688
4194938
4194991
4195073
4195128
4195284
4195403
4195555
4195615
4195620
4195633
4195779
4195829
4195841
4195975
4196057
4196230
4196273
4196319
4196336
4196390
4196444
4196587
4196650
4196695
4196833
4196928
4196993
4197019
4197141
4197165
4197225
4197238
4197312
4197379
4197398
4197495
4197562
4197658
4197722
4197799
4197834
4197852
4197893
4197908
4197920
4198029
4198107
4198172
4198231
4198417
4198434
4198445
4198511
4198544
4198630
4198649
4198816
4198877
4198922
4198954
4199034
4199235
4199343
4199566
4199582
4199619
4199655
4100002
4100271
4100389
4100749
4100812
4101786
4101926
4102222
4102905
4103163
4103190
4103662
4103802
4104075
4104431
4104479
4104680
4104710
4104769
4104918
4105427
4105689
4105763
4105921
4106947
4106959
4107122
4107249
4107497
4108105
4108466
4108543
4108793
4108826
4109721
4110199
4111107
4111417
4112024
4112081
4112106
4112305
4112421
4112735
4112817
4112933
4113111
4114035
4114123
4114638
4114953
4115118
4115151
4115520
4115672
4115940
4116412
4116774
4116807
4117020
4117094
4117142
4117534
4118091
4118353
4118512
4118693
4118801
4118939
4120539
4120669
4120883
4120929
4121151
4121964
4122018
4122659
4123042
4123087
4123297
4123645
4124204
4125037
4125264
4125618
4125630
4125715
4126066
4126071
4126309
4126413
4126478
4126698
4126827
4127486
4127498
4127529
4127622
4128043
4128050
4128376
4128393
4130846
4130984
4131305
4131312
4131450
4131722
4132821
4133278
4133672
4133760
4134082
4134103
4134270
4134383
4134605
4134640
4134919
4136814
4137078
4137219
4137362
4138005
4138497
4138737
4138917
4139276
4139405
4139678
4139725
4140163
4140544
4140630
4140877
4141066
4141288
4141478
4141679
4141907
4141924
4142244
4142485
4142813
4143243
4143354
4143491
4143865
4144225
4144416
4144518
4144845
4144947
4145408
4146130
4146151
4146254
4146368
4146594
4146964
4147050
4147629
4147898
4148703
4148742
4149372
4149952
4150128
4150536
4151023
4151230
4151444
4151820
4152207
4152263
4152281
4152415
4152539
4152642
4152953
4153206
4153454
4153499
4154045
4154185
4154856
4154931
4155083
4156496
4157205
4157476
4157560
4157673
4157946
4157980
4158055
4158114
4158192
4158269
4158518
4158596
4158675
4158701
4158959
4158982
4158994
4159183
4159282
4159448
4159481
4162394
4162667
4162699
4162918
4163765
4164025
4164598
4164772
4164902
4165141
4165203
4165722
4165778
4165800
4165889
4166013
4166539
4166929
4167243
4167659
4167723
4167757
4167888
4167926
4168034
4168151
4168302
4168594
4168607
4168803
4168838
4168931
4168979
4170127
4170173
4170384
4170711
4170931
4171075
4171366
4171646
4171680
4171985
4172050
4172823
4174335
4174380
4174548
4174608
4174694
4175086
4175178
4175989
4176029
4176155
4176802
4176922
4176999
4177337
4177512
4177693
4177748
4178664
4178698
4179330
4179717
4179875
4180203
4180331
4180611
4180660
4180908
4181054
4181373
4181897
4182204
4182503
4182668
4183044
4183635
4184037
4184387
4184417
4185110
4185237
4185784
4185827
4186160
4186546
4186991
4187028
4187278
4187607
4188018
4188062
4188096
4188666
4189473
4189835
4189854
4189921
4190011
4190060
4190075
4190234
4190635
4190680
4190985
4191209
4191329
4191512
4191652
4191763
4191916
4192142
4192237
4192241
4192576
4193521
4193717
4194266
4194490
4194796
4195004
4195189
4195410
4195926
4196355
4196753
4196815
4196894
4197081
4197416
4197484
4197609
4197626
4197754
4197915
4197982
4198006
4198303
4198310
4198759
4199302
4199964
