2601728
2601752
2601761
2602204
2605981
2606796
2611308
2611382
2616155
2619022
2619734
2620202
2620705
2625613
2626485
2627493
2629925
2630827
2631175
2632060
2634306
2635530
2635982
2638414
2638711
2641977
2643687
2643875
2644215
2645322
2646218
2649437
2650687
2651726
2652145
2654859
2657440
2660182
2660540
2662759
2666620
2667272
2667539
2670079
2670363
2673021
2674164
2677383
2677589
2678258
2678846
2681682
2685209
2686416
2687460
2688610
2692719
2693731
2695054
2697271
2699204
2600019
2600274
2600323
2600340
2600379
2600450
2600527
2600551
2600585
2600609
2600713
2600722
2600876
2600908
2601022
2601112
2601179
2601207
2601281
2601385
2601459
2601466
2601550
2601625
2601669
2601674
2601734
2601793
2601809
2601883
2601897
2601965
2602005
2602079
2602122
2602167
2602218
2602230
2602336
2602355
2602411
2602426
2602621
2602677
2603032
2603044
2603200
2603479
2603529
2603541
2603588
2603646
2603699
2603703
2604006
2604190
2604212
2604303
2604338
2604369
2604493
2604544
2604575
2604759
2604766
2604816
2604877
2604895
2604935
2604978
2604980
2605138
2605169
2605174
2605326
2605332
2605413
2605435
2605561
2605589
2605702
2605784
2605924
2606050
2606084
2606294
2606389
2606606
2606641
2606665
2606718
2606730
2606762
2606903
2607000
2607185
2607196
2607222
2607278
2607280
2607414
2607429
2607825
2607891
2607979
2608239
2608243
2608250
2608335
2608403
2608410
2608456
2608555
2608563
2608572
2608671
2608740
2608779
2608806
2608911
2609025
2609056
2609115
2609159
2609337
2609404
2609418
2609427
2609579
2609586
2609763
2609790
2609846
2609867
2609939
2609977
2610017
2610185
2610213
2610441
2610453
2610488
2610547
2610624
2610663
2610690
2610783
2610797
2610838
2610874
2610905
2610979
2611058
2611184
2611245
2611289
2611293
2611333
2611347
2611479
2611541
2611667
2611855
2611904
2611918
2611930
2611951
2611996
2612109
2612144
2612183
2612247
2612294
2612352
2612455
2612578
2612727
2612857
2612886
2612942
2613114
2613192
2613379
2613386
2613527
2613549
2613611
2613632
2613701
2613722
2613767
2613861
2613908
2613947
2613966
2613994
2614313
2614335
2614380
2614456
2614487
2614491
2614555
2614590
2614647
2614659
2614814
2614870
2614888
2614932
2615064
2615113
2615178
2615426
2615458
2615556
2615639
2615643
2615677
2615706
2615770
2615952
2615976
2616205
2616303
2616342
2616509
2616685
2616884
2617003
2617069
2617159
2617275
2617297
2617314
2617337
2617451
2617628
2617652
2617724
2618071
2618169
2618214
2618237
2618241
2618265
2618332
2618422
2618500
2618612
2618716
2618827
2619054
2619067
2619080
2619131
2619157
2619164
2619304
2619318
2619330
2619373
2619408
2619595
2619603
2619656
2619761
2619809
2619844
2619860
2620049
2620051
2620073
2620128
2620193
2620301
2620410
2620519
2620647
2620786
2620983
2621057
2621064
2621122
2621199
2621218
2621483
2621556
2621616
2621668
2621859
2621961
2622186
2622466
2622539
2622858
2622953
2622965
2623008
2623047
2623138
2623191
2623270
2623311
2623422
2623478
2623612
2623716
2623849
2623919
2623936
2624045
2624061
2624278
2624299
2624368
2624377
2624429
2624441
2624453
2624465
2624515
2624775
2624783
2624869
2624874
2625026
2625150
2625184
2625195
2625276
2625308
2625320
2625347
2625366
2625412
2625703
2625848
2625890
2626042
2626133
2626182
2626370
2626392
2626404
2626531
2626634
2626645
2626707
2626772
2626781
2627014
2627092
2627119
2627136
2627163
2627181
2627286
2627310
2627400
2627452
2627766
2627771
2627839
2627901
2627978
2628090
2628170
2628225
2628379
2628551
2628713
2628893
2628933
2629109
2629282
2629328
2629424
2629472
2629653
2629665
2629785
2629991
2630047
2630138
2630142
2630174
2630326
2630375
2630454
2630534
2630743
2630750
2630768
2630885
2630919
2630972
2631068
2631095
2631208
2631247
2631328
2631345
2631501
2631578
2631665
2631751
2631812
2631898
2632011
2632228
2632479
2632498
2632537
2632541
2632601
2632703
2632787
2632863
2632872
2632927
2632949
2632951
2633122
2633199
2633218
2633296
2633355
2633381
2633616
2633792
2634003
2634091
2634133
2634226
2634579
2634724
2634899
2635019
2635024
2635137
2635340
2635364
2635416
2635421
2635495
2635585
2635697
2635722
2635767
2635817
2635845
2635889
2636078
2636105
2636255
2636272
2636304
2636373
2636447
2636603
2636656
2636761
2636941
2637027
2637030
2637073
2637117
2637152
2637193
2637250
2637268
2637277
2637313
2637378
2637620
2637682
2637723
2637731
2637740
2637757
2637829
2637983
2638028
2638339
2638350
2638437
2638520
2638547
2638607
2638619
2638655
2638842
2638964
2639037
2639041
2639065
2639181
2639338
2639417
2639445
2639476
2639493
2639597
2639782
2639821
2640168
2640177
2640195
2640234
2640394
2640405
2640486
2640514
2640592
2640699
2640738
2640824
2640881
2640918
2640930
2640962
2641056
2641108
2641133
2641159
2641232
2641353
2641418
2641430
2641462
2641505
2641634
2641661
2641707
2641781
2641790
2641813
2641867
2641880
2642008
2642059
2642094
2642332
2642383
2642454
2642478
2642499
2642593
2642631
2642640
2642657
2642716
2642784
2643123
2643318
2643396
2643433
2643447
2643482
2643577
2643674
2643897
2643941
2643965
2643992
2644002
2644132
2644158
2644389
2644472
2644481
2644535
2644749
2644823
2644864
2644879
2645018
2645051
2645096
2645117
2645128
2645189
2645284
2645474
2645798
2645814
2645960
2646023
2646199
2646204
2646677
2646706
2646714
2646792
2646808
2646815
2646989
2646993
2647036
2647055
2647106
2647141
2647225
2647256
2647291
2647611
2647713
2647817
2647845
2647966
2647994
2648014
2648037
2648065
2648163
2648264
2648298
2648452
2648583
2648651
2648708
2648759
2648922
2649045
2649061
2649127
2649254
2649368
2649488
2649492
2649636
2649655
2649726
2649760
2649838
2649891
2649912
2649923
2650054
2650099
2650236
2650362
2650373
2650516
2650568
2650577
2650625
2650811
2650832
2650844
2650860
2650875
2650914
2650953
2651017
2651076
2651118
2651127
2651235
2651280
2651437
2651709
2651783
2651856
2651923
2651931
2651957
2651986
2651998
2652193
2652301
2652322
2652425
2652442
2652456
2652474
2652487
2652548
2652620
2652731
2652853
2652888
2652911
2653069
2653087
2653166
2653171
2653226
2653244
2653297
2653306
2653314
2653341
2653689
2653736
2653878
2654262
2654411
2654542
2654770
2654993
2655014
2655070
2655163
2655181
2655190
2655257
2655264
2655279
2655303
2655310
2655342
2655387
2655428
2655532
2655575
2655715
2655816
2655821
2655935
2656008
2656082
2656169
2656397
2656435
2656657
2656698
2656768
2656907
2656919
2656955
2657177
2657195
2657382
2657537
2657565
2657742
2657774
2658016
2658144
2658233
2658334
2658455
2658535
2658580
2658692
2658840
2658925
2658987
2659192
2659357
2659443
2659484
2659504
2659530
2659551
2659562
2659767
2659893
2659908
2659915
2660056
2660091
2660353
2660724
2660781
2660801
2660950
2661055
2661090
2661106
2661153
2661170
2661238
2661274
2661357
2661683
2661722
2661778
2661920
2661959
2661982
2662070
2662155
2662172
2662240
2662558
2662583
2662766
2662802
2662843
2662877
2662884
2662980
2663052
2663093
2663118
2663151
2663201
2663299
2663321
2663343
2663515
2663566
2663607
2663726
2663775
2663803
2663905
2663979
2663986
2664094
2664125
2664138
2664358
2664500
2664528
2664534
2664552
2664561
2664576
2664750
2664851
2664981
2665068
2665084
2665095
2665271
2665294
2665393
2665455
2665578
2665614
2665938
2666176
2666193
2666322
2666335
2666399
2666410
2666563
2666671
2666705
2666712
2666764
2666798
2666944
2667105
2667131
2667186
2667255
2667318
2667349
2667433
2667447
2667521
2667610
2667625
2667669
2667700
2667776
2667789
2667809
2667826
2667858
2667897
2667937
2667988
2668135
2668204
2668336
2668363
2668542
2668569
2668616
2668639
2668882
2669121
2669217
2669289
2669320
2669333
2669405
2669678
2669699
2669703
2669890
2670057
2670122
2670227
2670273
2670336
2670432
2670458
2670460
2670574
2670668
2670695
2670788
2670882
2670928
2670961
2671006
2671136
2671148
2671181
2671223
2671445
2671452
2671560
2671604
2671662
2671720
2671816
2671843
2671935
2672036
2672274
2672291
2672331
2672450
2672495
2672549
2672644
2672713
2672722
2672778
2672893
2672915
2672982
2673158
2673160
2673197
2673271
2673352
2673407
2673637
2673718
2674054
2674248
2674349
2674385
2674408
2674471
2674521
2674550
2674656
2674687
2674728
2674897
2674914
2675213
2675222
2675235
2675321
2675594
2675726
2675732
2675797
2675838
2676058
2676276
2676293
2676359
2676371
2676541
2676646
2676710
2676807
2676824
2676962
2676985
2677033
2677125
2677191
2677253
2677422
2677576
2677623
2677640
2677818
2677851
2677936
2677948
2678074
2678120
2678166
2678211
2678388
2678430
2678451
2678496
2678523
2678540
2678634
2678645
2678939
2679049
2679313
2679647
2679731
2679798
2679829
2680109
2680300
2680317
2680653
2680692
2680730
2680831
2680864
2680903
2680969
2680974
2681027
2681051
2681062
2681189
2681202
2681367
2681410
2681438
2681536
2681581
2681647
2681659
2681932
2682061
2682089
2682127
2682185
2682222
2682343
2682395
2682441
2682887
2683053
2683107
2683148
2683223
2683257
2683338
2683356
2683391
2683445
2683526
2683532
2683759
2683843
2683946
2683980
2684044
2684075
2684143
2684150
2684217
2684252
2684366
2684412
2684646
2684738
2684890
2685010
2685211
2685226
2685337
2685462
2685523
2685598
2685719
2685781
2685822
2685878
2685943
2686114
2686153
2686210
2686225
2686312
2686518
2686658
2686947
2687086
2687230
2687591
2687815
2687917
2688035
2688067
2688078
2688105
2688157
2688198
2688224
2688304
2688351
2688516
2688674
2688811
2689033
2689309
2689397
2689422
2689435
2689499
2689561
2689593
2689743
2689777
2690190
2690205
2690356
2690400
2690428
2690476
2690509
2690575
2690651
2690715
2690782
2690843
2690868
2690935
2690978
2690980
2690999
2691008
2691309
2691358
2691454
2691593
2691679
2691743
2691849
2691851
2691963
2692003
2692194
2692226
2692353
2692557
2692564
2692676
2692748
2692801
2692902
2693049
2693073
2693176
2693295
2693346
2693378
2693456
2693519
2693563
2693740
2693829
2693944
2693997
2694019
2694090
2694137
2694188
2694312
2694379
2694421
2694477
2694660
2694701
2694735
2694746
2694799
2694834
2694852
2694920
2694933
2695035
2695067
2695123
2695164
2695330
2695349
2695447
2695595
2695610
2695642
2695669
2695953
2695970
2696000
2696017
2696104
2696162
2696185
2696465
2696711
2696744
2697021
2697039
2697111
2697183
2697282
2697328
2697345
2697481
2697554
2697599
2697762
2698058
2698150
2698234
2698245
2698252
2698315
2698457
2698592
2698890
2699005
2699023
2699031
2699135
2699249
2699296
2699460
2699483
2699538
2699587
2699591
2699792
2699859
2699871
2699900
2600188
2600192
2600238
2600746
2601198
2601272
2601776
2602113
2602251
2604014
2604532
2604583
2605214
2605446
2606095
2606361
2606938
2607299
2607316
2607559
2607655
2607905
2608536
2608829
2609451
2609689
2609755
2610222
2610384
2610594
2610648
2610758
2610957
2610964
2611121
2611529
2611613
2611622
2611635
2611836
2612376
2612407
2612448
2612513
2612969
2613165
2613291
2613518
2613551
2613697
2613778
2614367
2614633
2614841
2614975
2615012
2615251
2615355
2615381
2615483
2615574
2615714
2615808
2615945
2616630
2616843
2617341
2617557
2617950
2618360
2618873
2618981
2619263
2619327
2619396
2619625
2619937
2620062
2621086
2621262
2621753
2621900
2622022
2622447
2622568
2622761
2623110
2623214
2623454
2623777
2623924
2624127
2624488
2624520
2624744
2624825
2624842
2624905
2626275
2626693
2626950
2627428
2627618
2627843
2627954
2628007
2628852
2628915
2629271
2629455
2629987
2630206
2630214
2630344
2630480
2631144
2631300
2631376
2631641
2632184
2632333
2632848
2633064
2633285
2633591
2634462
2634485
2634600
2634707
2635549
2635611
2635675
2635893
2636330
2636992
2637647
2638000
2638076
2638321
2639006
2639155
2639575
2639747
2639868
2640308
2640537
2640807
2640819
2640904
2641314
2642071
2642435
2642664
2643494
2643516
2643568
2644043
2644050
2644233
2644812
2645134
2645301
2645615
2645779
2646012
2646569
2646833
2646871
2647063
2647114
2647551
2647861
2648212
2648279
2648325
2648544
2650179
2650595
2651299
2651316
2651964
2652295
2652519
2652958
2652975
2653329
2653370
2653557
2653598
2653755
2654135
2654146
2654574
2654587
2654616
2654961
2655092
2655417
2655733
2656214
2656467
2656561
2656862
2656924
2656972
2658050
2658126
2658259
2658266
2658419
2658704
2659024
2659364
2659660
2660069
2660329
2660878
2660899
2660984
2661114
2661188
2661340
2661504
2661573
2661644
2662148
2662231
2662279
2662286
2662651
2662794
2663127
2663280
2663810
2663869
2663874
2664206
2664517
2664804
2664862
2665910
2666313
2666378
2666892
2666926
2667385
2667883
2668348
2668503
2668538
2668859
2669371
2669774
2670285
2671092
2671434
2671575
2672170
2672416
2672596
2673376
2673463
2673629
2673641
2674761
2675185
2675533
2675783
2675998
2676116
2676121
2676412
2676431
2676678
2676973
2677358
2677777
2677830
2677849
2678275
2679277
2679284
2679507
2679888
2680039
2680328
2680345
2680393
2680751
2681911
2682149
2683651
2683794
2683877
2684083
2684588
2684678
2684855
2685120
2686170
2686203
2686439
2686585
2686889
2687101
2689187
2689253
2689292
2689360
2689640
2691138
2691174
2691955
2692790
2692899
2693062
2694596
2694626
2694828
2694889
2694959
2694994
2695415
2695420
2696089
2696173
2696321
2696775
2696957
2697068
2697942
2698949
2698985
2699251
2699741
2699808
