3700711
3702857
3703484
3708059
3708963
3710258
3711242
3718894
3720499
3726811
3731205
3731387
3732256
3732274
3733606
3734459
3736951
3737862
3740495
3742928
3744298
3746665
3747492
3747891
3750412
3750479
3751003
3751867
3752326
3755633
3759299
3759726
3761076
3761760
3766552
3767588
3769340
3769596
3774881
3777866
3778595
3780868
3781795
3789012
3792263
3792568
3793698
3793716
3795904
3796995
3798549
3700173
3700299
3700302
3700406
3700465
3700663
3700803
3700810
3700869
3700912
3700964
3700998
3701026
3701083
3701245
3701423
3701431
3701486
3701622
3701848
3702002
3702068
3702077
3702109
3702158
3702220
3702266
3702328
3702334
3702455
3702599
3702670
3702987
3703019
3703072
3703141
3703192
3703203
3703287
3703468
3703495
3703644
3703658
3703735
3703767
3703971
3704354
3704378
3704410
3704438
3704491
3704519
3704590
3704666
3704723
3704779
3705012
3705180
3705199
3705262
3705483
3705587
3705668
3705706
3705815
3705833
3705894
3705928
3705976
3705989
3706181
3706511
3706618
3706627
3706630
3706794
3706850
3706868
3706877
3706978
3706980
3707074
3707091
3707166
3707171
3707404
3707418
3707451
3707505
3707564
3707634
3707661
3707689
3707748
3707781
3707790
3707822
3707846
3707867
3707878
3707899
3708008
3708015
3708082
3708094
3708125
3708265
3708358
3708360
3708413
3708478
3708500
3708561
3708576
3708589
3708657
3708664
3708716
3708784
3708818
3708849
3709013
3709022
3709046
3709099
3709131
3709140
3709198
3709219
3709272
3709362
3709466
3709539
3709543
3709603
3709776
3709826
3709832
3709897
3709941
3709992
3710010
3710042
3710171
3710600
3710772
3710801
3710878
3710902
3710943
3711007
3711137
3711153
3711274
3711291
3711477
3711484
3711495
3711518
3711611
3711675
3711746
3711852
3711876
3712037
3712148
3712338
3712374
3712391
3712445
3712452
3712532
3712771
3712794
3712954
3713213
3713368
3713470
3713582
3713732
3713783
3713912
3713998
3714214
3714265
3714288
3714401
3714422
3714517
3714528
3714545
3714593
3714612
3714721
3714849
3714851
3714919
3714936
3714963
3715043
3715068
3715095
3715126
3715132
3715144
3715183
3715233
3715389
3715436
3715463
3715637
3715727
3715886
3715903
3715987
3715991
3716051
3716073
3716085
3716117
3716202
3716216
3716239
3716284
3716572
3716608
3716723
3716841
3716888
3716892
3716911
3717001
3717013
3717067
3717112
3717281
3717290
3717327
3717568
3717610
3717674
3717691
3717789
3717844
3717953
3717992
3718098
3718101
3718122
3718204
3718218
3718273
3718285
3718319
3718510
3719276
3719293
3719308
3719440
3719486
3719699
3719710
3719769
3719855
3719872
3719890
3720047
3720071
3720142
3720206
3720326
3720702
3720936
3720955
3721021
3721068
3721077
3721084
3721160
3721259
3721463
3721472
3721501
3721637
3721727
3721812
3721886
3721898
3721938
3722026
3722075
3722315
3722333
3722791
3722807
3722848
3722890
3722949
3722973
3723135
3723230
3723251
3723363
3723381
3723483
3723616
3723917
3724074
3724159
3724297
3724365
3724392
3724557
3724628
3724645
3724652
3724763
3725137
3725153
3725188
3725305
3725402
3725828
3725861
3725876
3725889
3725893
3725971
3726080
3726164
3726179
3726219
3726255
3726385
3726516
3726595
3726832
3726941
3726992
3727030
3727085
3727134
3727250
3727268
3727354
3727410
3727456
3727474
3727536
3727615
3727814
3727837
3727841
3727892
3728000
3728162
3728196
3728222
3728533
3728624
3728732
3728760
3728775
3728797
3728838
3728891
3728905
3728986
3729041
3729065
3729070
3729190
3729369
3729400
3729417
3729558
3729583
3729935
3729954
3729999
3730040
3730122
3730146
3730307
3730411
3730569
3730602
3730639
3730729
3730737
3730917
3730934
3730961
3731070
3731148
3731417
3731452
3731489
3731493
3731575
3731662
3731766
3731794
3731816
3731922
3731954
3731967
3731978
3732024
3732063
3732386
3732416
3732551
3732609
3732611
3732632
3732697
3732754
3732799
3732966
3733002
3733039
3733084
3733109
3733208
3733215
3733578
3733614
3733653
3733812
3734046
3734140
3734318
3734351
3734373
3734415
3734577
3734603
3734610
3734761
3734776
3734858
3734883
3735000
3735017
3735246
3735343
3735377
3735441
3735492
3735571
3735636
3735672
3735998
3736075
3736150
3736168
3736394
3736541
3736622
3736654
3736742
3736824
3736872
3737020
3737047
3737059
3737082
3737138
3737214
3737229
3737288
3737499
3737534
3737589
3737657
3737702
3737721
3737750
3737827
3737851
3738091
3738108
3738120
3738258
3738451
3738462
3738485
3738505
3738628
3738689
3738693
3738854
3738995
3739004
3739202
3739335
3739456
3739491
3739548
3739572
3739581
3739694
3739705
3739841
3739926
3740024
3740036
3740573
3740626
3740722
3740767
3740817
3740876
3741067
3741224
3741272
3741420
3741482
3741539
3741603
3741687
3741826
3741988
3742005
3742064
3742262
3742285
3742363
3742460
3742542
3742616
3742737
3742792
3742917
3743058
3743060
3743184
3743382
3743394
3743412
3743769
3743787
3743791
3743824
3744014
3744037
3744240
3744257
3744286
3744445
3744452
3744544
3744630
3744839
3744877
3744884
3744922
3744946
3744954
3745066
3745311
3745413
3745480
3745528
3745576
3745605
3745612
3745631
3745784
3745804
3745830
3745885
3745924
3746077
3746084
3746158
3746208
3746233
3746300
3746629
3746727
3746812
3746840
3746969
3746991
3747017
3747339
3747582
3747648
3747964
3748049
3748301
3748313
3748442
3748519
3748608
3748659
3748829
3748958
3749025
3749042
3749166
3749194
3749211
3749540
3749719
3749772
3749880
3750032
3750058
3750060
3750075
3750177
3750217
3750252
3750394
3750498
3750506
3750710
3750769
3750872
3750918
3750996
3751042
3751258
3751337
3751451
3751462
3751485
3751523
3751598
3751645
3751707
3751801
3751854
3751984
3752103
3752110
3752138
3752169
3752311
3752467
3752552
3752589
3752631
3752664
3752686
3752948
3753013
3753140
3753327
3753362
3753447
3753482
3754328
3754376
3754389
3754472
3754546
3754692
3754727
3754831
3754925
3755051
3755073
3755152
3755176
3755221
3755295
3755301
3755378
3755786
3755870
3756031
3756178
3756307
3756363
3756411
3756426
3756458
3756483
3756510
3756538
3756894
3757036
3757114
3757137
3757238
3757331
3757364
3757439
3757477
3757697
3757722
3757746
3757754
3757767
3757778
3757799
3757920
3758107
3758172
3758240
3758298
3758356
3758374
3758391
3758428
3758685
3758696
3758868
3758895
3758922
3759130
3759149
3759173
3759267
3759414
3759441
3759624
3759732
3759905
3759931
3759940
3760067
3760105
3760179
3760318
3760349
3760351
3760373
3760482
3760687
3760745
3760752
3760776
3760858
3760883
3761017
3761045
3761089
3761235
3761453
3761465
3761470
3761515
3761566
3761619
3761663
3761690
3761775
3761891
3761923
3761964
3762117
3762221
3762313
3762425
3762442
3762456
3762507
3762563
3762666
3762682
3762705
3762829
3762853
3762975
3763056
3763087
3763159
3763275
3763297
3763306
3763404
3763512
3763564
3763600
3763661
3763916
3763939
3764101
3764154
3764167
3764180
3764273
3764324
3764372
3764684
3764765
3764900
3764917
3764928
3764945
3765006
3765053
3765092
3765136
3765205
3765223
3765325
3765342
3765391
3765445
3765526
3765759
3765884
3766015
3766094
3766288
3766309
3766332
3766383
3766401
3766446
3766528
3766623
3766739
3766784
3766795
3766896
3766955
3766990
3767009
3767075
3767121
3767139
3767168
3767252
3767261
3767613
3767646
3767699
3767710
3767756
3767863
3767881
3767973
3767985
3767996
3768175
3768215
3768294
3768317
3768376
3768393
3768436
3768606
3768665
3768670
3768749
3768785
3769048
3769323
3769450
3769495
3769609
3769644
3769915
3769966
3769971
3770021
3770068
3770077
3770208
3770220
3770247
3770317
3770361
3770407
3770641
3770665
3770812
3770823
3770831
3770857
3770938
3771030
3771073
3771085
3771221
3771277
3771346
3771469
3771474
3771524
3771757
3771888
3772034
3772093
3772118
3772196
3772201
3772339
3772343
3772453
3772594
3772648
3772672
3772681
3772711
3772726
3772797
3772869
3773029
3773070
3773088
3773107
3773181
3773205
3773223
3773575
3773597
3773802
3773850
3774026
3774083
3774654
3774725
3774890
3774927
3774962
3774973
3775010
3775038
3775042
3775166
3775182
3775211
3775258
3775392
3775496
3775512
3775628
3775634
3775689
3775707
3775801
3775878
3775977
3776036
3776072
3776106
3776141
3776274
3776364
3776379
3776450
3776468
3776701
3776746
3776799
3776852
3776933
3777012
3777023
3777098
3777101
3777122
3777227
3777372
3777444
3777591
3777621
3777643
3777695
3777820
3777989
3778022
3778067
3778078
3778164
3778198
3778396
3778447
3778482
3778539
3778642
3778752
3778858
3778875
3778970
3778988
3779059
3779071
3779138
3779169
3779206
3779326
3779413
3779422
3779467
3779664
3779679
3779777
3779795
3779830
3779873
3779885
3780029
3780136
3780212
3780356
3780387
3780445
3780476
3780493
3780544
3780597
3780604
3780685
3780696
3780715
3780720
3780816
3780999
3781047
3781169
3781187
3781191
3781270
3781326
3781375
3781545
3781612
3781698
3781743
3781768
3781919
3781981
3782038
3782074
3782108
3782120
3782171
3782232
3782244
3782258
3782275
3782427
3782531
3782676
3782755
3782801
3782813
3782867
3782916
3782977
3783049
3783193
3783322
3783367
3783491
3783507
3783548
3783659
3783806
3783911
3784114
3784188
3784203
3784256
3784323
3784398
3784402
3784439
3784450
3784562
3784735
3784746
3784889
3784933
3785013
3785035
3785140
3785164
3785330
3785349
3785471
3785539
3785543
3785568
3785610
3785832
3785965
3785988
3786104
3786162
3786201
3786339
3786377
3786414
3786515
3786547
3786887
3787111
3787160
3787208
3787247
3787424
3787490
3787501
3787513
3787554
3787796
3787812
3787898
3787942
3788083
3788177
3788371
3788382
3788394
3788949
3788951
3789079
3789180
3789262
3789372
3789426
3789503
3789525
3789542
3789808
3789820
3789871
3789989
3790051
3790216
3790268
3790367
3790399
3790456
3790682
3790740
3790960
3790997
3791031
3791113
3791204
3791249
3791319
3791336
3791503
3791538
3791556
3791668
3791737
3791792
3791833
3791894
3791961
3791976
3792067
3792112
3792157
3792164
3792179
3792186
3792198
3792281
3792351
3792433
3792466
3792471
3792550
3792577
3792717
3792734
3792752
3792761
3792793
3792832
3792929
3793066
3793094
3793110
3793142
3793191
3793401
3793454
3793640
3793657
3793750
3793777
3794118
3794299
3794321
3794655
3794709
3794758
3794775
3794957
3794964
3794986
3795060
3795347
3795394
3795405
3795431
3795479
3795725
3795787
3795927
3796194
3796211
3796226
3796427
3796449
3796579
3796628
3796689
3796736
3796763
3796801
3796813
3796899
3796921
3797029
3797124
3797223
3797338
3797493
3797532
3797627
3797720
3798007
3798153
3798188
3798192
3798274
3798287
3798398
3798504
3798518
3798658
3798713
3798778
3798780
3798845
3798861
3798876
3798893
3799183
3799215
3799233
3799271
3799361
3799424
3799535
3799606
3799629
3799641
3799727
3799749
3799805
3799886
3799898
3700093
3701479
3701514
3702095
3702481
3702665
3702879
3703305
3703364
3703754
3703828
3704152
3704659
3704975
3705230
3705355
3705866
3706391
3706720
3707258
3708397
3708702
3709385
3709929
3710523
3710813
3711312
3711800
3712053
3712583
3713076
3713149
3713173
3713384
3713931
3714358
3714885
3715580
3715614
3715641
3716442
3717728
3718483
3718525
3718650
3719150
3719366
3719881
3719951
3720360
3720795
3721039
3721294
3721436
3721718
3721773
3721987
3722121
3722431
3723324
3723602
3723684
3723737
3724306
3724854
3725024
3725242
3725477
3726272
3726577
3727367
3727798
3728213
3728299
3728663
3728964
3729223
3729279
3729720
3729821
3729901
3730005
3731400
3731476
3733376
3733501
3733991
3734001
3734080
3734112
3734875
3734937
3734953
3735045
3735429
3735453
3735520
3735709
3736315
3736927
3737552
3737640
3737795
3737907
3738010
3738564
3738835
3738950
3739152
3739189
3739507
3739806
3740312
3740632
3740920
3741970
3742204
3742251
3742668
3742706
3742833
3743457
3743601
3743703
3743881
3744124
3744155
3744212
3744400
3746039
3746220
3746614
3747414
3748268
3748378
3748487
3748806
3749115
3749133
3749523
3750009
3750930
3751091
3751388
3751693
3751916
3751977
3752156
3752187
3752750
3753248
3753272
3753734
3754002
3754160
3754352
3755100
3755313
3755548
3756882
3757081
3757323
3757421
3757611
3757660
3757735
3757889
3758493
3758946
3760099
3760263
3760330
3760700
3761185
3761758
3762469
3763462
3763523
3763902
3763950
3764023
3764262
3764591
3764952
3765065
3765720
3765946
3766326
3766612
3766750
3766777
3766851
3766862
3766924
3767405
3767423
3768345
3768361
3768599
3768629
3769141
3769421
3769994
3770144
3770183
3770749
3771062
3771456
3771740
3771779
3771926
3771958
3771997
3772127
3772547
3772709
3773342
3773374
3773651
3774011
3774217
3774529
3774904
3775600
3775835
3776024
3776170
3776291
3776675
3777741
3777871
3777934
3778521
3778674
3779253
3779478
3779716
3780065
3780618
3780901
3781015
3781138
3781552
3782056
3782736
3783295
3783378
3783853
3783892
3784225
3784780
3785022
3785067
3785236
3786838
3787271
3787578
3787692
3787903
3788308
3788498
3788635
3788791
3788985
3789706
3789928
3790615
3790659
3790853
3790865
3791064
3791741
3792001
3792459
3792625
3793422
3793830
3793851
3794149
3794663
3794732
3795058
3795881
3796069
3796781
3796835
3797369
3797452
3797673
3798137
3798170
3798269
3798364
3798644
3799987
3799991
