4802824
4804652
4805386
4806728
4808711
4809946
4813375
4813743
4815184
4815234
4818644
4819077
4819259
4820173
4820222
4821405
4822785
4825765
4826065
4830036
4830379
4832098
4832227
4832381
4833570
4837316
4838161
4838322
4844281
4845321
4846431
4847253
4847896
4849926
4850282
4850688
4851555
4852429
4852803
4854423
4858046
4860148
4862108
4864713
4868102
4871880
4871916
4872605
4874317
4876348
4879681
4883719
4885148
4886743
4887177
4895043
4899890
4800015
4800125
4800169
4800187
4800241
4800292
4800401
4800413
4800454
4800499
4800552
4800593
4800612
4800784
4800795
4800818
4800849
4800851
4800907
4800919
4801016
4801039
4801084
4801208
4801271
4801300
4801424
4801535
4801665
4801670
4801730
4801751
4801773
4801805
4801879
4801903
4802011
4802060
4802168
4802195
4802308
4802440
4802529
4802756
4803178
4803324
4803363
4803381
4803390
4803497
4803525
4803569
4803591
4803639
4803737
4803871
4803945
4803961
4804074
4804091
4804211
4804337
4804388
4804451
4804473
4804598
4804634
4804661
4804736
4804899
4804921
4804939
4804968
4804995
4805055
4805072
4805114
4805137
4805242
4805256
4805269
4805274
4805357
4805632
4805713
4805722
4805852
4805971
4806013
4806035
4806046
4806140
4806157
4806263
4806281
4806290
4806362
4806516
4806539
4806543
4806568
4806669
4806717
4806745
4806752
4806832
4806988
4807062
4807117
4807189
4807277
4807295
4807474
4807633
4807671
4807723
4807853
4807926
4807960
4807975
4808061
4808127
4808196
4808663
4808744
4808979
4809053
4809119
4809124
4809155
4809190
4809298
4809369
4809560
4809597
4809673
4809782
4809794
4809877
4810085
4810128
4810161
4810243
4810403
4810438
4810442
4810487
4810705
4810798
4810892
4810983
4811146
4811251
4811426
4811574
4811677
4811714
4811770
4811808
4811882
4811917
4812013
4812054
4812131
4812207
4812248
4812255
4812327
4812330
4812584
4812610
4812638
4812728
4812776
4812953
4812965
4812970
4812988
4813033
4813047
4813094
4813138
4813174
4813332
4813360
4813383
4813397
4813545
4813552
4813702
4813768
4813924
4813963
4814000
4814061
4814130
4814254
4814299
4814350
4814368
4814406
4814414
4814429
4814533
4814607
4814655
4814690
4814803
4814810
4814856
4815289
4815293
4815333
4815347
4815371
4815394
4815431
4815457
4815570
4815710
4815742
4815824
4815951
4816159
4816283
4816306
4816392
4816505
4816661
4816676
4816719
4816748
4816854
4816878
4816995
4817029
4817212
4817428
4817493
4817627
4817715
4817999
4818072
4818274
4818331
4818340
4818416
4818450
4818518
4818626
4818658
4818845
4818966
4819016
4819109
4819215
4819294
4819393
4819436
4819481
4819513
4819522
4819554
4819567
4819580
4819688
4819727
4819751
4819831
4820429
4820470
4820488
4820648
4820655
4820726
4820810
4820856
4820905
4820957
4820979
4820986
4821011
4821026
4821075
4821097
4821139
4821234
4821333
4821529
4821570
4821646
4821678
4821756
4822084
4822158
4822259
4822294
4822393
4822501
4822546
4822578
4822653
4822840
4823024
4823137
4823153
4823225
4823323
4823357
4823468
4823778
4823828
4823933
4823947
4823971
4824004
4824250
4824284
4824335
4824403
4824555
4824671
4824740
4824764
4824779
4824829
4824944
4825005
4825023
4825031
4825285
4825307
4825503
4825574
4825643
4825792
4825952
4825993
4826053
4826092
4826124
4826190
4826223
4826461
4826489
4826558
4826597
4826627
4826766
4826901
4827056
4827069
4827115
4827194
4827258
4827314
4827652
4827676
4827719
4827801
4827813
4828020
4828033
4828125
4828229
4828528
4828534
4828552
4828623
4828679
4828686
4828702
4828873
4828919
4829022
4829054
4829067
4829078
4829123
4829198
4829236
4829281
4829327
4829433
4829494
4829521
4829625
4829700
4829717
4829761
4829832
4829914
4830024
4830063
4830305
4830364
4830484
4830549
4830551
4830573
4830908
4830920
4830947
4830971
4830982
4831198
4831224
4831248
4831351
4831373
4831459
4831516
4831550
4831568
4831687
4831728
4831734
4831906
4832040
4832167
4832199
4832230
4832249
4832285
4832510
4832525
4832556
4832587
4832591
4832616
4832808
4832894
4832976
4832989
4833044
4833060
4833139
4833234
4833371
4833382
4833412
4833553
4833791
4833930
4833951
4834172
4834212
4834223
4834240
4834310
4834434
4834526
4834560
4834627
4834673
4834759
4834802
4835008
4835125
4835214
4835241
4835332
4835360
4835413
4835534
4835589
4835702
4835721
4835739
4835907
4836021
4836050
4836208
4836259
4836448
4836554
4836580
4836614
4836641
4836823
4836969
4836974
4837017
4837127
4837235
4837299
4837302
4837339
4837343
4837414
4837453
4837520
4837533
4837607
4837663
4837690
4837797
4837887
4838027
4838216
4838284
4838295
4838313
4838367
4838491
4838666
4838786
4838870
4838888
4839108
4839211
4839232
4839244
4839353
4839365
4839392
4839418
4839531
4839598
4839634
4839790
4839899
4840031
4840057
4840167
4840426
4840497
4840602
4840706
4840820
4840934
4840989
4841029
4841037
4841325
4841509
4841544
4841597
4841771
4841782
4841922
4841999
4842072
4842114
4842188
4842210
4842238
4842287
4842323
4842504
4842530
4842767
4842817
4842908
4842966
4843050
4843126
4843132
4843233
4843266
4843352
4843424
4843614
4843749
4843812
4843903
4844080
4844248
4844272
4844290
4844459
4844625
4844789
4844826
4844858
4845093
4845118
4845151
4845267
4845414
4845441
4845520
4845571
4845619
4845636
4845663
4845711
4845825
4846177
4846195
4846200
4846217
4846667
4846725
4846791
4846872
4847103
4847229
4847241
4847265
4847292
4847311
4847332
4847446
4847500
4847593
4847640
4847784
4847849
4847919
4847955
4847972
4848010
4848329
4848388
4848392
4848462
4848505
4848600
4848676
4848707
4848801
4848867
4848939
4849295
4849313
4849425
4849519
4849659
4849740
4849841
4849944
4850126
4850215
4850220
4850259
4850361
4850535
4850578
4850599
4850751
4850773
4850805
4850942
4851152
4851193
4851239
4851268
4851277
4851301
4851425
4851442
4851563
4851647
4851829
4851841
4851960
4851983
4852034
4852149
4852185
4852278
4852302
4852350
4852395
4852566
4852571
4852825
4852874
4852887
4852905
4852940
4853092
4853163
4853374
4853428
4853434
4853544
4853597
4853708
4853720
4853901
4853922
4854032
4854075
4854139
4854150
4854168
4854234
4854308
4854457
4854514
4854537
4854699
4854807
4854824
4854848
4854962
4855010
4855209
4855297
4855365
4855485
4855512
4855531
4855707
4855719
4855748
4855880
4855899
4855921
4855977
4856024
4856036
4856063
4856090
4856153
4856210
4856291
4856364
4856379
4856398
4856477
4856495
4856518
4856585
4856632
4856994
4857086
4857204
4857296
4857348
4857381
4857426
4857458
4857820
4857989
4858099
4858112
4858186
4858207
4858272
4858539
4858550
4858568
4858669
4858687
4858717
4858897
4858914
4858937
4858953
4858965
4859237
4859344
4859422
4859698
4859702
4859777
4859924
4859948
4860065
4860124
4860223
4860286
4860303
4860356
4860445
4860575
4860618
4860720
4860733
4860747
4860913
4860954
4860967
4861082
4861125
4861237
4861375
4861480
4861499
4861552
4861576
4861612
4861657
4861750
4861795
4861818
4861849
4861873
4861907
4861963
4861972
4862314
4862329
4862341
4862557
4862661
4862719
4862755
4862867
4862880
4862899
4862916
4862943
4863073
4863176
4863378
4863380
4863524
4863563
4863615
4863666
4863740
4863764
4863841
4864007
4864129
4864402
4864450
4864468
4864504
4864527
4864701
4864746
4864778
4864817
4864966
4865046
4865112
4865164
4865179
4865236
4865290
4865373
4865385
4865433
4865447
4865577
4865745
4865776
4865897
4866052
4866093
4866162
4866173
4866278
4866508
4866520
4866655
4866672
4866744
4866803
4866869
4866912
4866986
4866998
4867160
4867175
4867294
4867361
4867389
4867393
4867455
4867463
4867567
4867641
4867653
4867751
4867762
4867812
4867898
4867925
4868139
4868150
4868234
4868245
4868293
4868347
4868514
4868529
4868667
4868774
4868863
4868985
4869023
4869204
4869324
4869381
4869409
4869458
4869503
4869525
4869542
4869587
4869639
4869706
4869770
4869847
4870011
4870058
4870083
4870102
4870139
4870217
4870405
4870412
4870479
4870699
4870769
4870807
4870962
4870973
4871038
4871194
4871314
4871540
4871719
4871772
4871846
4871867
4871968
4872015
4872169
4872241
4872311
4872739
4872777
4872885
4872896
4872936
4873013
4873022
4873054
4873078
4873219
4873255
4873263
4873327
4873349
4873362
4873543
4873577
4873691
4873914
4873970
4873992
4874043
4874084
4874126
4874132
4874389
4874448
4874522
4874567
4874670
4874773
4874785
4874886
4874942
4874956
4875049
4875051
4875100
4875134
4875189
4875243
4875250
4875313
4875367
4875403
4875524
4875563
4875712
4875740
4875757
4875806
4875888
4875909
4876012
4876064
4876227
4876249
4876262
4876483
4876525
4876538
4876591
4876639
4876684
4876741
4877081
4877114
4877141
4877518
4877527
4877611
4877713
4877828
4877852
4877915
4878006
4878124
4878223
4878445
4878476
4878489
4878511
4878532
4878627
4878630
4878843
4878850
4878913
4878946
4878967
4878999
4879028
4879045
4879127
4879185
4879235
4879343
4879377
4879488
4879492
4879520
4879783
4879869
4879957
4879979
4879998
4880035
4880054
4880471
4880494
4880717
4880897
4880914
4881000
4881034
4881127
4881149
4881343
4881414
4881619
4881726
4881744
4881887
4881931
4881964
4882018
4882243
4882335
4882399
4882572
4882581
4882926
4882932
4883087
4883091
4883209
4883226
4883418
4883557
4883689
4883748
4883790
4884180
4884458
4884684
4884866
4884917
4884993
4885417
4885526
4885685
4885766
4886103
4886288
4886640
4886698
4886804
4886873
4886907
4886919
4887032
4887102
4887121
4887139
4887143
4887200
4887333
4887498
4887537
4887756
4887890
4887927
4888077
4888294
4888361
4888606
4888762
4888969
4889081
4889114
4889129
4889225
4889287
4889305
4889323
4889398
4889527
4889562
4889735
4889817
4889834
4889933
4889982
4890010
4890025
4890087
4890209
4890226
4890275
4890365
4890430
4890801
4890902
4890921
4891238
4891242
4891386
4891477
4891504
4891585
4891632
4891660
4891722
4891778
4891834
4891876
4891889
4892029
4892155
4892369
4892374
4892391
4892434
4892493
4892560
4892575
4892673
4892696
4892733
4892794
4892843
4893089
4893201
4893302
4893339
4893384
4893406
4893437
4893492
4893655
4893726
4893744
4893838
4893856
4893912
4893923
4894071
4894110
4894174
4894383
4894413
4894454
4894517
4894664
4894686
4894784
4894873
4894885
4894990
4895175
4895259
4895266
4895328
4895481
4895580
4895653
4895718
4895831
4896051
4896134
4896145
4896277
4896295
4896301
4896313
4896346
4896469
4896615
4896731
4896757
4896841
4896944
4897157
4897207
4897290
4897318
4897330
4897349
4897385
4897396
4897447
4897471
4897516
4897539
4897550
4897656
4897717
4897789
4897953
4898086
4898204
4898355
4898381
4898587
4898602
4898695
4898729
4898753
4898788
4898900
4898961
4899315
4899320
4899366
4899479
4899498
4899514
4899541
4899738
4899881
4800008
4800033
4800094
4800142
4800605
4801436
4801580
4801727
4801942
4802116
4802881
4803307
4803336
4803602
4803993
4804069
4804260
4804275
4804586
4804790
4805106
4805312
4805439
4805484
4805495
4805527
4806236
4806638
4806687
4806860
4806875
4807469
4807524
4807572
4808201
4808254
4808520
4808594
4809428
4809575
4810322
4810555
4810563
4810581
4811154
4811460
4811729
4812318
4812860
4813265
4813288
4813358
4813589
4813698
4814045
4814624
4814838
4815537
4815565
4815703
4817037
4817088
4817190
4817544
4817868
4817935
4818019
4818129
4818242
4818834
4819021
4819812
4820201
4820395
4820711
4821293
4821769
4821824
4822016
4822233
4822266
4822938
4823007
4823036
4823416
4823626
4823658
4823845
4823861
4824301
4824647
4824786
4824911
4825101
4825336
4825587
4826181
4826452
4826544
4826794
4827091
4827353
4829140
4829687
4829860
4830055
4830203
4831140
4831179
4831988
4832064
4832180
4832411
4832426
4832602
4833116
4833703
4833927
4834342
4834417
4834445
4835830
4835896
4837648
4837726
4838779
4838865
4838892
4838975
4839283
4839306
4839523
4839781
4839943
4840307
4840432
4840961
4841041
4841148
4841240
4841342
4841575
4841627
4841696
4842063
4842439
4842915
4843215
4843501
4843641
4843773
4843956
4844157
4844914
4844929
4845280
4845624
4846252
4846588
4846613
4846635
4846646
4846807
4846836
4847237
4848540
4849491
4849647
4849806
4849983
4850043
4850084
4850266
4850334
4850670
4850692
4850704
4850857
4851403
4851723
4851779
4852127
4852488
4852690
4853107
4853136
4853172
4853759
4853978
4854245
4854464
4854951
4855108
4855392
4855404
4855598
4856331
4856443
4857227
4857556
4857729
4858543
4858970
4859125
4860029
4860053
4860070
4860338
4860771
4861015
4861110
4861156
4861702
4861885
4862087
4862496
4863892
4863960
4864908
4864971
4865067
4865408
4866571
4866711
4867021
4867084
4867144
4867704
4867942
4868044
4868228
4868927
4869040
4869737
4869808
4869993
4870195
4870315
4870565
4870949
4871069
4871418
4871430
4872265
4872383
4872552
4872561
4872640
4872743
4872830
4874175
4874208
4874637
4874653
4875096
4875346
4875926
4875944
4876101
4877165
4877357
4877439
4878148
4878509
4878673
4878708
4878821
4879089
4879619
4879726
4880186
4880248
4880327
4881783
4883133
4883232
4883724
4884012
4884249
4884882
4884945
4884976
4885119
4885172
4885279
4885662
4886082
4886094
4887738
4887787
4887807
4887930
4888197
4888215
4888637
4889274
4889611
4889845
4889876
4889893
4890056
4890244
4890755
4890899
4891114
4891312
4891971
4892037
4893566
4894015
4894561
4895197
4896096
4896555
4896581
4897179
4897351
4897408
4897521
4897883
4898154
4898227
4898285
4898639
4898934
4898945
4899457
4899848
4899996
