5200034
5200089
5200104
5200343
5200368
5200377
5200607
5200655
5201011
5201195
5201217
5201293
5201423
5201514
5201703
5201774
5201863
5201881
5202002
5202126
5202271
5202424
5202463
5202472
5202637
5202831
5203019
5203129
5203562
5203632
5203697
5203767
5203800
5203889
5204030
5204051
5204152
5204380
5204555
5204870
5204983
5204997
5205012
5205098
5205324
5205355
5205363
5205409
5205820
5206037
5206041
5206119
5206136
5206181
5206231
5206369
5206387
5206452
5206604
5206759
5206913
5207038
5207147
5207306
5207505
5207586
5207772
5207813
5207854
5208033
5208156
5208174
5208191
5208435
5208499
5208500
5208576
5208631
5208743
5208795
5208896
5209318
5209494
5209700
5209728
5209826
5209844
5209929
5209965
5209970
5210449
5210462
5210473
5210531
5210564
5210736
5210801
5210921
5211210
5211242
5211256
5211331
5211402
5211518
5211573
5211908
5211933
5212065
5212092
5212190
5212264
5212493
5212630
5212954
5213034
5213185
5213254
5213267
5213321
5213350
5213395
5213441
5213681
5213732
5213760
5214015
5214020
5214174
5214253
5214422
5214446
5214576
5214768
5214924
5214936
5215084
5215160
5215183
5215294
5215317
5215376
5215436
5215463
5215481
5215762
5215879
5215886
5215942
5215991
5216018
5216030
5216049
5216096
5216221
5216354
5216410
5216590
5216892
5216909
5217099
5217131
5217290
5217396
5217447
5217494
5217603
5217728
5217761
5218005
5218057
5218122
5218178
5218319
5218574
5218587
5218668
5218737
5218788
5218792
5218894
5219168
5219276
5219440
5219678
5219725
5219742
5220214
5220253
5220265
5220358
5220552
5220640
5220948
5220981
5221016
5221158
5221197
5221220
5221282
5221334
5221393
5221501
5221762
5221812
5221857
5221879
5221925
5222026
5222032
5222150
5222228
5222320
5222347
5222366
5222382
5222412
5222423
5222506
5222570
5222678
5222738
5222930
5222996
5223178
5223621
5223882
5223952
5223961
5224087
5224182
5224260
5224652
5224790
5224902
5224939
5225048
5225188
5225386
5225495
5225504
5225530
5225562
5225920
5226318
5226327
5226351
5226494
5226543
5226610
5226642
5226717
5226811
5226883
5227189
5227239
5227243
5227295
5227403
5227438
5227442
5227487
5227659
5227798
5227932
5228235
5228246
5228414
5228566
5228607
5228619
5228655
5228711
5228803
5228912
5229014
5229124
5229190
5229205
5229264
5229387
5229476
5229489
5230023
5230251
5230390
5230409
5230432
5230497
5230753
5230859
5230882
5230894
5230945
5230961
5231029
5231782
5232081
5232141
5232238
5232331
5232379
5232573
5232701
5232982
5233021
5233266
5233317
5233389
5233580
5233614
5233704
5233823
5234207
5234224
5234318
5234415
5234433
5234745
5234953
5235045
5235104
5235254
5235368
5235648
5235744
5235940
5235957
5235964
5235979
5236102
5236217
5236498
5236588
5236646
5236738
5236836
5236881
5236890
5236951
5236962
5236973
5237138
5237142
5237191
5237309
5237383
5237467
5237528
5237830
5237963
5237981
5238003
5238038
5238042
5238182
5238260
5238353
5238427
5238473
5238617
5238689
5238719
5238724
5238755
5238950
5239004
5239145
5239239
5239268
5239425
5239888
5239926
5240007
5240137
5240210
5240269
5240274
5240357
5240596
5240609
5240683
5240701
5240754
5240780
5240889
5240908
5241105
5241186
5241603
5241656
5241883
5241906
5241992
5242012
5242249
5242296
5242542
5242556
5242591
5242639
5242643
5242765
5242989
5243026
5243150
5243293
5243382
5243541
5243787
5243881
5243930
5243985
5244014
5244065
5244452
5244526
5244532
5244967
5245008
5245103
5245187
5245191
5245454
5245576
5245721
5245849
5245885
5245919
5246126
5246448
5246501
5246513
5246653
5246730
5246805
5246910
5246925
5246991
5247118
5247162
5247321
5247681
5247726
5247891
5247923
5247986
5248193
5248216
5248250
5248438
5248581
5248659
5248712
5248806
5248829
5248870
5248909
5248997
5249010
5249171
5249275
5249557
5249579
5249634
5249763
5249813
5249902
5250011
5250075
5250097
5250168
5250245
5250457
5250635
5250646
5250769
5250807
5250824
5250927
5250962
5251087
5251194
5251260
5251365
5251430
5251540
5251693
5251748
5251984
5252253
5252375
5252499
5252640
5252657
5252739
5252743
5252873
5253013
5253224
5253550
5253595
5253638
5253717
5254109
5254197
5254317
5254389
5254796
5254840
5254886
5255117
5255239
5255243
5255277
5255284
5255524
5255633
5255647
5255671
5255723
5255757
5255865
5255932
5255958
5255997
5256005
5256146
5256409
5256426
5256503
5256538
5256569
5256650
5256820
5257024
5257081
5257114
5257242
5257291
5257357
5257364
5257504
5257585
5257596
5257947
5258006
5258037
5258119
5258303
5258400
5258428
5258461
5258544
5258575
5258651
5258935
5258999
5259034
5259299
5259414
5259619
5259636
5259648
5259663
5259709
5259856
5260198
5260318
5260471
5260521
5260674
5260811
5261406
5261655
5261681
5261775
5261887
5261964
5261986
5262062
5262085
5262117
5262161
5262425
5262853
5263087
5263108
5263194
5263226
5263418
5263430
5263449
5263462
5263505
5263523
5263540
5263846
5263984
5264167
5264199
5264542
5264695
5264737
5264859
5264894
5264900
5265037
5265163
5265240
5265356
5265400
5265417
5265583
5265720
5265782
5265802
5265839
5265967
5266288
5266358
5266534
5266743
5266851
5266981
5267026
5267058
5267315
5267440
5267592
5267601
5267703
5267930
5267949
5268043
5268050
5268068
5268077
5268175
5268271
5268393
5268490
5268546
5268554
5268567
5268578
5268665
5268688
5268749
5268991
5269379
5269402
5269443
5269611
5269626
5269971
5270068
5270160
5270183
5270407
5270419
5270463
5270501
5270567
5270578
5270665
5270704
5270718
5270727
5270840
5270886
5270925
5270969
5271073
5271117
5271152
5271367
5271403
5271548
5271555
5271620
5271731
5271740
5271911
5271944
5272151
5272185
5272235
5272267
5272321
5272343
5272368
5272492
5272582
5272619
5272648
5272663
5272758
5272783
5272825
5272923
5272986
5273181
5273303
5273342
5273400
5273618
5273651
5273673
5273747
5273821
5274011
5274032
5274058
5274289
5274315
5274703
5274836
5274996
5275147
5275211
5275283
5275531
5275645
5275736
5275755
5275790
5275822
5275835
5275939
5276081
5276269
5276274
5276495
5276660
5276845
5276889
5276933
5276959
5277079
5277381
5277574
5277765
5277788
5277833
5278272
5278327
5278408
5278568
5278734
5278761
5279008
5279033
5279071
5279480
5279640
5279686
5279818
5279873
5280006
5280155
5280279
5280597
5280604
5280802
5281015
5281094
5281288
5281401
5281528
5281576
5281862
5282388
5282531
5282540
5282617
5282867
5282977
5283202
5283221
5283322
5283367
5283456
5283888
5283892
5283960
5284090
5284225
5284450
5284551
5284609
5284611
5284675
5284683
5284697
5284780
5285035
5285105
5285157
5285186
5285362
5285471
5285568
5285625
5285638
5285674
5285687
5285811
5285844
5286017
5286045
5286149
5286213
5286377
5286488
5286648
5286758
5286905
5286912
5287109
5287294
5287393
5287436
5287463
5287554
5287670
5287831
5287942
5287969
5288116
5288150
5288177
5288200
5288293
5288769
5289031
5289057
5289273
5289426
5289458
5289483
5289525
5289621
5289833
5290096
5290117
5290243
5290456
5290469
5290572
5290764
5290786
5290865
5291064
5291146
5291307
5291324
5291363
5291525
5291602
5291639
5291650
5291677
5291684
5291788
5291934
5292067
5292105
5292123
5292248
5292433
5292482
5292638
5292826
5292832
5293206
5293229
5293309
5293413
5293698
5293919
5293948
5294118
5294149
5294162
5294173
5294465
5294492
5294559
5294856
5295011
5295102
5295168
5295177
5295464
5295479
5295498
5295601
5295667
5295678
5295973
5296038
5296115
5296120
5296159
5296182
5296329
5296430
5296449
5296496
5296617
5296846
5297356
5297434
5297544
5297733
5297821
5298398
5298450
5298518
5298596
5298893
5298971
5298982
5299084
5299175
5299271
5299345
5299688
