6000572
6001204
6003413
6003435
6004377
6005678
6006835
6008754
6013049
6013322
6013806
6021953
6000004
6000243
6000354
6000474
6000563
6000608
6000615
6000731
6000841
6000932
6001122
6001251
6001273
6001372
6001390
6001411
6001497
6001510
6001729
6001871
6001952
6002080
6002157
6002408
6002459
6002482
6002832
6002860
6002937
6003047
6003174
6003311
6003358
6003422
6003499
6003545
6003589
6003612
6003777
6003818
6003851
6003924
6004149
6004201
6004246
6004384
6004406
6004465
6004520
6004547
6004607
6004672
6004775
6004825
6004842
6004887
6005009
6005116
6005252
6005261
6005359
6005412
6005457
6005486
6005570
6005787
6005890
6005949
6005973
6006038
6006159
6006171
6006226
6006314
6006370
6006430
6006473
6006586
6006598
6006600
6006661
6006854
6007029
6007092
6007107
6007163
6007190
6007298
6007532
6007708
6007747
6007771
6007802
6008137
6008165
6008274
6008518
6008596
6008660
6008713
6008778
6008845
6008893
6009043
6009183
6009247
6009259
6009352
6009376
6009490
6009535
6009688
6009704
6009718
6009749
6009751
6010041
6010325
6010461
6010509
6010511
6010532
6010685
6010720
6010802
6010884
6010901
6011008
6011047
6011191
6011229
6011292
6011311
6011383
6011446
6011454
6011534
6011576
6011623
6011686
6011818
6011827
6011885
6011955
6011963
6012003
6012133
6012314
6012329
6012341
6012430
6012473
6012505
6012628
6012661
6012772
6012790
6012801
6012813
6012846
6012943
6013030
6013096
6013161
6013243
6013367
6013474
6013487
6013507
6013572
6013590
6013694
6013723
6013757
6013764
6013829
6013892
6013911
6013926
6013944
6013983
6014518
6014658
6014701
6014767
6014778
6014834
6014845
6014852
6014861
6014966
6015013
6015078
6015131
6015290
6015550
6015642
6015674
6015691
6015883
6015897
6016052
6016089
6016104
6016213
6016368
6016437
6016515
6016571
6016607
6016619
6016663
6016760
6016775
6016803
6016810
6016869
6016887
6016957
6017039
6017043
6017068
6017271
6017294
6017345
6017352
6017393
6017407
6017424
6017436
6017448
6017823
6018102
6018116
6018195
6018252
6018308
6018506
6018514
6018601
6018710
6018787
6018863
6018872
6018904
6018985
6019098
6019135
6019227
6019230
6019262
6019574
6019741
6019753
6019770
6019808
6019859
6019882
6020024
6020137
6020238
6020256
6020305
6020312
6020398
6020495
6020658
6020876
6020915
6021054
6021131
6021140
6021198
6021362
6021396
6021482
6021543
6021832
6021860
6022023
6022098
6022167
6022218
6022808
6022928
6022976
6023026
6023228
6023320
6023333
6023506
6023680
6023756
6023774
6023807
6023985
6024163
6024172
6024257
6024325
6024369
6024391
6024452
6024476
6024526
6024720
6024802
6024868
6025082
6025103
6000073
6000216
6000295
6000682
6001040
6001296
6001319
6001348
6001961
6002099
6002728
6002897
6003716
6003948
6004162
6004299
6004619
6004810
6005234
6005320
6005431
6005836
6006042
6006133
6006260
6006353
6006462
6006880
6006921
6007124
6007461
6008019
6008305
6008398
6008852
6008966
6009144
6009215
6009785
6009812
6010014
6010037
6010205
6010212
6010839
6011110
6011499
6011862
6011907
6011936
6012091
6012275
6012496
6012748
6012916
6013403
6013548
6013997
6014364
6014675
6015717
6015914
6016453
6016520
6016566
6016582
6016709
6016797
6017220
6017463
6017599
6017910
6018423
6018440
6018541
6019040
6019251
6019475
6019510
6019616
6019788
6019820
6020504
6021013
6021539
6021568
6021929
6022178
6022411
6022820
6023366
6023738
6024006
6024041
6024843
