1900081
1900323
1900585
1900609
1900611
1900959
1900982
1901022
1901263
1901577
1901642
1901844
1901858
1902199
1902355
1902381
1902390
1902591
1902788
1902815
1902820
1902894
1903009
1903060
1903075
1903217
1903320
1903382
1903622
1903667
1903742
1903890
1903973
1904029
1904037
1904070
1904088
1904325
1904338
1904476
1904489
1904597
1904627
1904733
1904901
1905125
1905138
1905169
1905311
1905360
1905478
1905499
1905552
1905631
1905640
1905716
1905743
1905818
1905919
1905948
1906393
1906641
1906796
1906956
1906969
1907118
1907278
1907368
1907437
1907566
1907648
1907690
1907797
1907979
1907986
1908018
1908161
1908189
1908202
1908335
1908380
1908615
1908620
1908682
1908694
1908926
1909056
1909087
1909147
1909329
1909341
1909505
1909512
1909579
1909763
1910045
1910222
1910235
1910339
1910350
1910368
1910384
1910465
1910624
1910655
1910744
1910810
1910869
1910931
1910957
1911044
1911315
1911382
1911431
1911529
1911725
1912084
1912361
1912393
1912606
1913024
1913242
1913274
1913287
1913305
1913527
1913530
1913551
1913675
1913697
1913817
1913889
1914128
1914346
1914438
1914507
1914563
1915012
1915199
1915324
1915336
1915381
1915432
1915497
1916006
1916155
1916163
1916369
1916493
1916558
1916708
1916895
1916954
1917194
1917341
1917617
1917645
1917854
1918071
1918174
1918253
1918360
1918478
1918739
1918873
1918972
1919236
1919263
1919272
1919373
1919494
1919502
1919550
1919595
1919734
1919858
1919860
1920096
1920100
1920221
1920524
1920932
1921086
1921146
1921249
1921460
1921587
1921729
1921871
1922001
1922078
1922099
1922272
1922281
1922290
1922318
1922396
1922577
1922584
1922883
1922906
1922929
1923206
1923358
1923422
1923500
1923517
1923528
1923589
1923631
1923743
1923827
1923955
1924267
1924299
1924321
1924368
1924377
1924384
1924395
1924571
1924711
1924744
1924905
1925026
1925102
1925333
1925405
1925464
1925486
1925622
1925680
1925951
1926038
1926115
1926182
1926209
1926370
1926523
1926689
1926707
1926813
1926977
1927088
1927342
1927417
1927575
1927816
1927895
1927946
1927967
1928081
1928141
1928225
1928421
1928530
1928660
1928713
1929021
1929043
1929109
1929197
1929294
1929407
1929419
1929730
1929751
1929805
1929840
1929910
1929991
1930187
1930640
1930686
1930795
1930873
1930924
1930948
1931160
1931220
1931361
1931376
1931629
1931670
1931704
1931857
1931879
1932200
1932245
1932541
1932635
1932787
1932819
1932881
1933005
1933122
1933167
1933218
1933363
1933458
1933483
1933587
1933677
1933833
1933894
1933917
1933934
1934069
1934087
1934133
1934329
1934341
1934564
1934586
1934598
1935242
1935287
1935340
1935416
1935468
1935585
1935660
1935889
1936207
1936219
1936255
1936385
1936396
1936433
1936471
1936543
1936577
1936656
1936691
1936789
1936826
1937216
1937221
1937425
1937519
1937829
1937892
1937960
1938246
1938395
1938508
1938547
1938571
1938663
1938711
1939163
1939190
1939264
1939489
1939493
1939544
1939583
1939673
1939782
1939802
1939816
1939901
1939967
1940060
1940143
1940479
1940635
1940703
1940710
1940791
1940855
1941038
1941329
1941523
1941531
1941586
1941598
1941600
1941634
1941689
1941724
1942020
1942071
1942156
1942253
1942818
1942851
1942972
1943362
1943466
1943883
1944068
1944158
1944407
1944481
1944513
1944629
1945456
1945536
1945712
1945764
1946064
1946178
1946273
1946324
1946409
1946444
1946497
1946574
1946643
1946668
1946695
1946770
1946945
1947137
1947386
1947468
1947484
1947504
1947551
1947778
1947828
1947834
1948088
1948092
1948240
1948257
1948532
1948544
1948715
1948868
1949000
1949076
1949104
1949151
1949508
1949582
1949726
1949957
1949998
1950123
1950131
1950179
1950351
1950433
1950494
1950717
1950776
1950793
1950875
1951034
1951130
1951316
1951350
1951414
1951547
1951655
1951663
1951711
1951825
1951931
1952134
1952193
1952221
1952250
1952284
1952410
1952563
1952620
1952666
1952694
1952975
1953211
1953226
1953283
1953297
1953314
1953365
1953496
1953531
1953598
1953790
1953835
1953899
1953968
1954122
1954146
1954444
1954460
1954668
1954706
1954770
1955053
1955124
1955155
1955356
1955452
1955489
1955558
1955560
1955651
1955696
1955759
1955935
1956142
1956214
1956241
1956332
1956552
1956576
1956664
1956721
1956818
1956936
1957102
1957245
1957289
1957347
1957769
1957962
1958158
1958175
1958328
1958389
1958448
1958637
1958812
1958831
1958925
1959072
1959137
1959256
1959274
1959675
1959780
1959915
1960042
1960069
1960087
1960120
1960194
1960329
1960365
1960392
1960916
1961340
1961450
1961495
1961562
1961626
1961632
1961893
1961959
1962107
1962155
1962298
1962303
1962489
1962558
1962715
1962843
1962946
1962999
1963254
1963547
1963783
1963838
1963842
1963891
1964033
1964094
1964214
1964253
1964344
1964360
1964435
1964552
1964679
1964795
1964830
1964936
1965197
1965233
1965247
1965334
1965352
1965376
1965463
1965546
1965599
1965614
1965704
1965812
1966030
1966049
1966134
1966277
1966403
1966507
1966548
1966555
1966563
1966798
1966841
1966892
1966911
1967123
1967304
1967471
1967521
1967568
1967603
1967752
1967789
1967941
1968031
1968475
1968574
1968587
1968616
1968695
1968765
1968833
1968882
1969217
1969366
1969431
1969464
1969529
1969541
1969769
1970113
1970458
1970525
1970602
1970753
1970847
1970894
1970976
1971006
1971014
1971065
1971107
1971124
1971163
1971212
1971257
1971434
1971532
1971558
1971662
1971821
1971884
1972090
1972165
1972210
1972312
1972658
1972817
1972845
1972947
1972971
1973271
1973345
1973974
1974001
1974022
1974131
1974373
1974603
1974728
1975127
1975162
1975196
1975246
1975278
1975377
1975566
1975931
1976026
1976143
1976200
1976228
1976514
1976680
1976699
1976824
1976927
1976962
1977125
1977142
1977191
1977214
1977326
1977344
1977478
1977545
1977593
1977768
1977804
1977830
1977849
1978056
1978108
1978283
1978337
1978353
1978462
1978473
1978586
1978939
1978984
1978995
1979073
1979134
1979152
1979221
1979250
1979335
1979346
1979519
1979590
1979870
1979975
1979983
1980077
1980317
1980352
1980389
1980481
1980554
1980580
1980606
1980692
1980938
1981004
1981062
1981221
1981322
1981581
1981892
1981926
1981997
1982052
1982246
1982437
1982515
1982547
1982655
1982672
1982726
1982775
1983119
1983257
1983279
1983298
1983338
1983434
1983526
1983544
1983771
1984139
1984276
1984394
1984592
1984601
1984635
1984678
1984725
1984791
1984881
1985069
1985329
1985392
1985462
1985505
1985531
1985719
1985899
1985916
1986090
1986170
1986364
1986450
1986735
1986852
1987023
1987101
1987319
1987324
1987336
1987363
1987808
1987917
1988013
1988236
1988521
1988752
1988965
1989066
1989094
1989110
1989187
1989360
1989413
1989422
1989454
1989480
1989534
1989640
1989743
1989768
1989849
1989862
1990231
1990264
1990884
1990922
1991187
1991311
1991499
1991818
1992404
1992473
1992579
1992586
1992598
1992645
1992652
1992790
1992878
1992880
1993004
1993027
1993117
1993221
1993277
1993410
1993469
1993491
1993524
1993536
1993581
1993620
1993757
1994055
1994170
1994364
1994549
1994585
1994889
1995022
1995099
1995248
1995272
1995281
1995494
1995516
1995875
1996185
1996196
1996368
1996709
1996726
1996891
1996957
1996979
1997077
1997393
1997546
1997718
1997805
1997864
1998026
1998083
1998228
1998252
1998276
1998308
1998347
1998514
1998565
1998635
1998738
1998791
1998930
1999154
1999218
1999336
1999503
1999591
1999621
1999677
1999815
1999866
