5801141
5801889
5802065
5808319
5808714
5810035
5811201
5811758
5811957
5812073
5812295
5812536
5814411
5814706
5816981
5822081
5822746
5824099
5824112
5824953
5824992
5828010
5828449
5828902
5829354
5830637
5832488
5834359
5834756
5838420
5839375
5840566
5845218
5845390
5846417
5847232
5847485
5848936
5850153
5851539
5854400
5854850
5855446
5857508
5862545
5863157
5864864
5865062
5865442
5866178
5866336
5866729
5868583
5869869
5871191
5871589
5871679
5874683
5876931
5878234
5882595
5882687
5882906
5883401
5883500
5884246
5884316
5885102
5885234
5885863
5888893
5889629
5891002
5893569
5894968
5899575
5899766
5800042
5800056
5800087
5800091
5800171
5800209
5800388
5800418
5800835
5800867
5800995
5801007
5801242
5801291
5801312
5801364
5801439
5801450
5801632
5801754
5801767
5802107
5802181
5802205
5802511
5802673
5802696
5802954
5803017
5803130
5803267
5803368
5803377
5803607
5803624
5803636
5803681
5803709
5803775
5803783
5803838
5803931
5804241
5804344
5804360
5804383
5804397
5804401
5804435
5804446
5804657
5804679
5804768
5804896
5804990
5805039
5805144
5805233
5805300
5805419
5805463
5805472
5805501
5805554
5805749
5805942
5805974
5806073
5806085
5806202
5806216
5806322
5806536
5806555
5806590
5806647
5806694
5806757
5806909
5807080
5807105
5807112
5807186
5807219
5807224
5807236
5807290
5807330
5807539
5807603
5807734
5807858
5807988
5808154
5808348
5808650
5808729
5808847
5808866
5808934
5808961
5809083
5809168
5809177
5809228
5809245
5809276
5809315
5809382
5809486
5809553
5809667
5809738
5809769
5810022
5810164
5810272
5810304
5810415
5810516
5810543
5810584
5810642
5810656
5810761
5810844
5810914
5810953
5811000
5811173
5811343
5811520
5811533
5811571
5811636
5811672
5811783
5811810
5811825
5812096
5812243
5812284
5812608
5812633
5812712
5812731
5812806
5812911
5812926
5812944
5812997
5813133
5813166
5813306
5813337
5813418
5813473
5813617
5813652
5813689
5813822
5813880
5814355
5814363
5814372
5814458
5814497
5814714
5814792
5814833
5815029
5815124
5815136
5815476
5815526
5815532
5815575
5815583
5815627
5815673
5815685
5815766
5816059
5816082
5816103
5816110
5816156
5816265
5816383
5816397
5816500
5816552
5816612
5816623
5816698
5816768
5816827
5816963
5817026
5817044
5817102
5817150
5817252
5817394
5817431
5817506
5817553
5817601
5817635
5817678
5817738
5817807
5817927
5817973
5818016
5818043
5818068
5818109
5818111
5818334
5818578
5818704
5819024
5819137
5819242
5819439
5819477
5819484
5819549
5819632
5819683
5819722
5819746
5819780
5819994
5820057
5820086
5820319
5820372
5820497
5820503
5820621
5820639
5821053
5821119
5821298
5821509
5821558
5821604
5821649
5821651
5821662
5821821
5821868
5821913
5822036
5822090
5822165
5822225
5822287
5822305
5822312
5822331
5822340
5822386
5822778
5822780
5822828
5822947
5823016
5823043
5823271
5823300
5823317
5823376
5823393
5823501
5823599
5823637
5823665
5823670
5823704
5823751
5823773
5823831
5823857
5823956
5823969
5824035
5824046
5824067
5824078
5824080
5824198
5824304
5824349
5824373
5824420
5824471
5824494
5824603
5824691
5825000
5825052
5825127
5825185
5825222
5825299
5825339
5825520
5825681
5825690
5825869
5825891
5826032
5826058
5826075
5826116
5826261
5826366
5826601
5826635
5826774
5826918
5826985
5827047
5827094
5827265
5827292
5827401
5827422
5827435
5827454
5827499
5827593
5827623
5827657
5827721
5827795
5827830
5827862
5827963
5828003
5828042
5828074
5828244
5828258
5828329
5828337
5828427
5828512
5828652
5828755
5828854
5829062
5829277
5829380
5829410
5829671
5830002
5830016
5830043
5830271
5830419
5830546
5830796
5830812
5830831
5830903
5830956
5831100
5831176
5831221
5831243
5831410
5831425
5831487
5831524
5831779
5831786
5831798
5831911
5832034
5832185
5832222
5832254
5832343
5832350
5832406
5832470
5832559
5832571
5832797
5832803
5832810
5832905
5832957
5832998
5833006
5833037
5833107
5833264
5833310
5833387
5833461
5833583
5833651
5833662
5833673
5833708
5833766
5833771
5833821
5833868
5833895
5834139
5834195
5834315
5834541
5834592
5834678
5834699
5834725
5834787
5834836
5834881
5835069
5835074
5835258
5835283
5835314
5835512
5835523
5835540
5835557
5835645
5835661
5835801
5835854
5835867
5835902
5835984
5836019
5836024
5836090
5836170
5836549
5836834
5836845
5836861
5836982
5836994
5837079
5837180
5837218
5837510
5837587
5837729
5837741
5837788
5837847
5837894
5837900
5837945
5837961
5838067
5838140
5838207
5838351
5838362
5838415
5838521
5838595
5838728
5838809
5838965
5838970
5838988
5839082
5839138
5839229
5839237
5839446
5839827
5840061
5840339
5840648
5840744
5840891
5841143
5841333
5841440
5841457
5841601
5841667
5841738
5841742
5841824
5841855
5841904
5841927
5841930
5841949
5841996
5842126
5842144
5842220
5842233
5842361
5842393
5842407
5842546
5842614
5842730
5842751
5842886
5842969
5843019
5843141
5843165
5843269
5843398
5843477
5843484
5843632
5844049
5844073
5844216
5844590
5844705
5844779
5844806
5844909
5844997
5845251
5845381
5845432
5845616
5845677
5845706
5846053
5846070
5846223
5846286
5846374
5846489
5846526
5846583
5846627
5846630
5846720
5846747
5846782
5846802
5846978
5847074
5847211
5847258
5847260
5847392
5847430
5847496
5847628
5847748
5847822
5847854
5847950
5847968
5848094
5848169
5848311
5848326
5848397
5848435
5848478
5848576
5848818
5848990
5849035
5849157
5849327
5849482
5849539
5849625
5849687
5849728
5849745
5849793
5850024
5850165
5850203
5850274
5850357
5850398
5850421
5850644
5850675
5850767
5850800
5850947
5850959
5850994
5851248
5851281
5851304
5851318
5851408
5851415
5851550
5851610
5851669
5851761
5851809
5851858
5851875
5851970
5852098
5852122
5852135
5852146
5852324
5852390
5852426
5852432
5852542
5852569
5852643
5852650
5852684
5852695
5852741
5852788
5852820
5853032
5853075
5853139
5853382
5853498
5853635
5853680
5853807
5853824
5853836
5853881
5853904
5853962
5854136
5854264
5854338
5854417
5854434
5854489
5854493
5854575
5854733
5854782
5854816
5854884
5855033
5855082
5855174
5855187
5855206
5855292
5855332
5855358
5855480
5855545
5855612
5855640
5855702
5855851
5855948
5856043
5856095
5856183
5856197
5856208
5856334
5856393
5856637
5856665
5856749
5856857
5856864
5856987
5857089
5857149
5857254
5857278
5857395
5857406
5857465
5857488
5857547
5857648
5857842
5857891
5857905
5857986
5858100
5858239
5858301
5858367
5858425
5858487
5858524
5858705
5858757
5858829
5859010
5859056
5859087
5859404
5859564
5859719
5859977
5860009
5860177
5860195
5860315
5860347
5860601
5860738
5860819
5860918
5860962
5861069
5861120
5861147
5861159
5861171
5861209
5861244
5861314
5861337
5861586
5861661
5861693
5861748
5861813
5861878
5861977
5862020
5862033
5862047
5862094
5862517
5862896
5863054
5863112
5863248
5863318
5863327
5863330
5863459
5863539
5863550
5863577
5863584
5863700
5863717
5864271
5864294
5864317
5864328
5864389
5864653
5864670
5864773
5864879
5864903
5865049
5865239
5865378
5865491
5865572
5865671
5865786
5865983
5865997
5866012
5866031
5866180
5866324
5866355
5866432
5866497
5866510
5866556
5866574
5866602
5866616
5866695
5866706
5866714
5866900
5866945
5867024
5867048
5867165
5867188
5867256
5867305
5867357
5867416
5867504
5867596
5867632
5867778
5867845
5867915
5868014
5868037
5868092
5868136
5868148
5868155
5868310
5868338
5868342
5868391
5868452
5868544
5868604
5868946
5868954
5868999
5869061
5869093
5869173
5869201
5869235
5869316
5869414
5869453
5869488
5869515
5869547
5869624
5869636
5869663
5869825
5869887
5869905
5869923
5869940
5869998
5870070
5870124
5870163
5870240
5870298
5870369
5870391
5870476
5870493
5870509
5870511
5870630
5870720
5870733
5870747
5870782
5870999
5871138
5871309
5871413
5871528
5871631
5871640
5871750
5871768
5871948
5872003
5872056
5872069
5872108
5872133
5872194
5872226
5872232
5872628
5872763
5872801
5872995
5873030
5873161
5873295
5873313
5873335
5873425
5873694
5873837
5873958
5874024
5874072
5874081
5874153
5874225
5874256
5874421
5874626
5874644
5874701
5874767
5874778
5874817
5874828
5874893
5875022
5875054
5875157
5875236
5875349
5875373
5875734
5875776
5875826
5875860
5875914
5876017
5876076
5876196
5876267
5876278
5876280
5876302
5876339
5876492
5876636
5876760
5876810
5877160
5877197
5877352
5877455
5877522
5877546
5877578
5877637
5877653
5877718
5877886
5877938
5877942
5878009
5878228
5878333
5878359
5878680
5878699
5878863
5879086
5879101
5879146
5879262
5879273
5879319
5879444
5879542
5879602
5879765
5879882
5879976
5880004
5880051
5880193
5880243
5880284
5880346
5880380
5880399
5880474
5880590
5880615
5880865
5880892
5880975
5881012
5881023
5881057
5881180
5881204
5881218
5881227
5881319
5881348
5881444
5881503
5881574
5881616
5881714
5881847
5881976
5882123
5882157
5882186
5882415
5882502
5882656
5882752
5883142
5883375
5883480
5883657
5883827
5884045
5884127
5884196
5884222
5884377
5884520
5884582
5884655
5884672
5884732
5884783
5884803
5885032
5885075
5885116
5885184
5885228
5885320
5885371
5885405
5885479
5885601
5885667
5885680
5885699
5886091
5886171
5886283
5886473
5886600
5886763
5886772
5886801
5886835
5887065
5887119
5887257
5887279
5887298
5887356
5887461
5887532
5887597
5887673
5887685
5887733
5887868
5887877
5887913
5887967
5888055
5888242
5888364
5888386
5888421
5888484
5888549
5888596
5888611
5888799
5888861
5888933
5888971
5889039
5889144
5889580
5889614
5889857
5889879
5889910
5889925
5889991
5890020
5890059
5890094
5890191
5890214
5890358
5890478
5890552
5890561
5890664
5890702
5890862
5890885
5890896
5890963
5890972
5891016
5891021
5891043
5891271
5891345
5891424
5891455
5891535
5891670
5891704
5891727
5891785
5891812
5891938
5891942
5892044
5892168
5892261
5892320
5892423
5892464
5892699
5892710
5892819
5892836
5892855
5892918
5892930
5893012
5893113
5893135
5893218
5893249
5893510
5893621
5893643
5893706
5893882
5894010
5894069
5894108
5894147
5894182
5894226
5894232
5894297
5894306
5894365
5894430
5894451
5894598
5894617
5894781
5894880
5895081
5895090
5895165
5895291
5895402
5895416
5895439
5895450
5895585
5895626
5895697
5895889
5895893
5895933
5895947
5895971
5896046
5896290
5896373
5896408
5896447
5896482
5896502
5896577
5896687
5896745
5896809
5896860
5896883
5896906
5896965
5896970
5896988
5896992
5897027
5897161
5897301
5897346
5897536
5897608
5897682
5897723
5897806
5898350
5898429
5898437
5898453
5898520
5898797
5898979
5899014
5899053
5899107
5899155
5899163
5899240
5899286
5899342
5899558
5899627
5899630
5899696
5899816
5899821
5899935
5899954
5899999
5800232
5800258
5800306
5800473
5801106
5801137
5801153
5801416
5801596
5802037
5802231
5802257
5802662
5802685
5803299
5803395
5803492
5803711
5803891
5804103
5805389
5805436
5805490
5805692
5806100
5806145
5806268
5806487
5806491
5806563
5806581
5807207
5807577
5808381
5808538
5808569
5809703
5809787
5809872
5810577
5810638
5811185
5811246
5811321
5812085
5812380
5812615
5813115
5813707
5813846
5814098
5814154
5814285
5814591
5814866
5815053
5816071
5816169
5816679
5816739
5816750
5817423
5817464
5818424
5818448
5818580
5818665
5818864
5819518
5819767
5819893
5820285
5820574
5820650
5821092
5821325
5822402
5822697
5823160
5823183
5823352
5823535
5824236
5824362
5824408
5824568
5825441
5825957
5826613
5826622
5827110
5827924
5828171
5828194
5829073
5829189
5829216
5829403
5829438
5829491
5829837
5830208
5830376
5830727
5831469
5831590
5831865
5832162
5832874
5833967
5834058
5834150
5834177
5834228
5834710
5835275
5836398
5837296
5837475
5837639
5837737
5837833
5837976
5838001
5838022
5838385
5838471
5838502
5838539
5838656
5838734
5839071
5839169
5839241
5839397
5840414
5840619
5840825
5841058
5841060
5841139
5841371
5841464
5841570
5841592
5843153
5843170
5843225
5844442
5844829
5845064
5845409
5845574
5845587
5845668
5845695
5845847
5845928
5847120
5847676
5848008
5848605
5849112
5849179
5849408
5849502
5849826
5849965
5850055
5850450
5851112
5851140
5851164
5851255
5851595
5851941
5852180
5852319
5852706
5853150
5853177
5853654
5853890
5854041
5854630
5855528
5856016
5856490
5856641
5856840
5857607
5857711
5857758
5858027
5858216
5858243
5858335
5858764
5858798
5858926
5860060
5860234
5860276
5860514
5860553
5861388
5861564
5862288
5862830
5862919
5863131
5863179
5863373
5863521
5863809
5863858
5864282
5864448
5864463
5864637
5865354
5865682
5866363
5866765
5867242
5867817
5867920
5868279
5868461
5868630
5869045
5869571
5869711
5869783
5870107
5870136
5870325
5870445
5870771
5871375
5871963
5873284
5873572
5873647
5873757
5874398
5874959
5875351
5875625
5876235
5876709
5876726
5876856
5877021
5877215
5877247
5877956
5878168
5878565
5878742
5879031
5879569
5879621
5880161
5880216
5882236
5882263
5882290
5882539
5882584
5882793
5883071
5883229
5883241
5883446
5883589
5883849
5884034
5884076
5885009
5885293
5885570
5885654
5885756
5885890
5885927
5886133
5886159
5886724
5886813
5886854
5886950
5886977
5886995
5887041
5887303
5887369
5887696
5888210
5888312
5888609
5888876
5889111
5889183
5891376
5891599
5892009
5892058
5892102
5892382
5892431
5892588
5892927
5893262
5893372
5893695
5893866
5893928
5893989
5894283
5894523
5894939
5894995
5895153
5895468
5895966
5897004
5897239
5897442
5898470
5899662
5899802
5899839
5899895
