2704629
2705740
2706714
2707416
2708685
2711761
2713570
2717783
2718932
2725516
2726173
2726429
2728293
2731616
2731976
2732826
2740219
2740988
2741321
2741571
2741648
2745946
2746020
2746784
2747060
2747333
2749340
2749800
2749920
2752279
2753732
2758135
2758458
2758621
2759951
2760515
2761347
2762522
2765591
2765650
2772032
2772320
2775971
2777563
2777671
2779794
2786498
2787008
2791018
2795968
2797770
2799375
2700150
2700177
2700315
2700333
2700371
2700394
2700457
2700553
2700855
2701042
2701115
2701329
2701496
2701781
2701968
2702071
2702214
2702311
2702375
2702499
2702679
2702698
2702702
2702784
2702862
2702963
2703013
2703080
2703186
2703224
2703272
2703362
2703373
2703466
2703502
2703550
2703577
2703595
2703642
2703691
2703745
2703832
2703883
2703941
2704002
2704016
2704084
2704095
2704109
2704144
2704247
2704266
2704282
2704376
2704481
2704490
2704513
2704606
2704614
2704637
2704665
2704823
2704879
2704974
2705018
2705030
2705161
2705216
2705284
2705354
2705410
2705474
2705608
2705615
2705705
2705723
2705865
2706086
2706199
2706285
2706307
2706319
2706432
2706503
2706639
2706788
2706859
2707048
2707090
2707203
2707242
2707269
2707274
2707291
2707357
2707439
2707450
2707468
2707549
2707632
2707644
2707658
2707799
2708006
2708065
2708148
2708205
2708223
2708264
2708391
2708476
2708509
2708511
2708532
2708560
2708673
2708720
2708839
2708850
2709000
2709302
2709339
2709343
2709350
2709384
2709533
2709594
2709636
2709803
2710024
2710048
2710129
2710153
2710203
2710402
2710549
2710585
2710632
2710722
2710754
2710780
2710845
2711035
2711140
2711157
2711164
2711236
2711281
2711459
2711466
2711595
2711638
2711669
2711691
2711728
2711883
2712178
2712230
2712296
2712319
2712503
2712525
2712587
2712684
2712695
2712737
2712894
2712945
2712976
2712993
2713009
2713032
2713060
2713083
2713143
2713217
2713234
2713276
2713382
2713787
2713807
2713863
2713890
2713904
2714014
2714088
2714148
2714374
2714509
2714708
2714720
2714766
2714771
2714802
2714946
2714967
2715103
2715125
2715288
2715413
2715422
2715480
2715528
2715623
2715631
2715804
2715830
2715862
2716002
2716016
2716068
2716084
2716109
2716144
2716183
2716266
2716345
2716361
2716455
2716481
2716501
2716629
2716665
2716749
2716762
2716796
2716805
2716812
2716879
2717000
2717201
2717321
2717582
2717655
2717690
2717825
2717923
2717964
2717979
2717998
2718027
2718161
2718202
2718346
2718403
2718425
2718524
2718590
2718633
2718779
2718798
2718853
2718944
2718997
2719091
2719171
2719232
2719260
2719297
2719337
2719430
2719512
2719724
2719772
2719899
2719968
2719977
2719984
2720107
2720212
2720476
2720583
2720759
2720839
2720868
2720946
2721059
2721094
2721125
2721169
2721206
2721326
2721422
2721435
2721534
2721686
2721698
2721702
2721716
2721743
2721873
2721919
2721936
2721955
2722042
2722074
2722133
2722232
2722283
2722337
2722540
2722617
2722676
2722707
2722755
2722763
2722835
2722880
2722902
2723049
2723134
2723145
2723216
2723313
2723380
2723705
2723779
2723909
2724137
2724153
2724331
2724364
2724443
2724549
2724551
2724562
2724735
2724889
2724933
2724971
2725035
2725080
2725219
2725330
2725610
2725642
2725734
2725776
2725858
2725970
2726017
2726034
2726052
2726104
2726299
2726368
2726414
2726607
2726681
2726726
2726758
2726775
2726856
2726986
2727084
2727109
2727266
2727424
2727641
2727857
2727910
2728009
2728195
2728200
2728228
2728486
2728738
2728756
2729005
2729064
2729146
2729273
2729319
2729336
2729348
2729363
2729475
2729503
2729621
2729706
2729765
2729770
2729976
2730176
2730193
2730216
2730380
2730487
2730798
2730958
2731012
2731079
2731122
2731167
2731199
2731251
2731319
2731409
2731503
2731510
2731574
2731621
2731695
2732001
2732080
2732105
2732164
2732255
2732281
2732330
2732466
2732543
2732728
2732752
2732914
2733008
2733033
2733071
2733094
2733103
2733110
2733270
2733383
2733561
2733576
2733605
2733631
2733640
2733777
2733849
2734034
2734052
2734267
2734429
2734797
2734931
2735308
2735412
2735506
2735622
2735699
2735725
2735824
2735848
2735930
2735949
2736314
2736430
2736449
2736462
2736473
2736485
2736661
2736707
2736719
2736736
2736781
2736995
2737070
2737124
2737461
2737708
2737720
2737901
2737913
2737999
2738024
2738048
2738055
2738090
2738114
2738364
2738402
2738549
2738675
2738701
2738713
2738735
2738799
2738845
2738915
2738971
2739016
2739259
2739361
2739376
2739389
2739436
2739546
2739730
2739749
2739938
2740123
2740140
2740157
2740224
2740272
2740349
2740385
2740471
2740539
2740550
2740603
2740929
2740937
2740970
2741076
2741089
2741130
2741151
2741162
2741196
2741299
2741302
2741406
2741470
2741533
2741559
2741566
2741636
2741709
2741783
2741869
2741891
2741923
2741957
2742027
2742030
2742049
2742096
2742117
2742152
2742176
2742469
2742694
2742779
2742865
2742958
2743166
2743306
2743341
2743365
2743418
2743485
2743617
2743652
2743661
2743772
2743781
2743921
2744057
2744167
2744324
2744381
2744460
2744475
2744483
2744497
2744542
2744569
2744650
2744684
2744714
2744770
2744882
2744993
2745014
2745053
2745212
2745223
2745240
2745428
2745493
2745627
2745673
2745685
2745766
2745868
2745877
2745884
2745954
2745980
2746015
2746047
2746082
2746110
2746237
2746397
2746545
2746657
2746698
2746702
2746721
2746743
2746873
2746924
2746981
2747058
2747083
2747150
2747195
2747228
2747347
2747359
2747514
2747537
2747622
2747787
2747904
2747951
2748132
2748345
2748361
2748389
2748535
2748578
2748599
2748727
2748751
2748762
2749137
2749225
2749357
2749364
2749421
2749468
2749551
2749658
2749660
2749735
2749778
2749876
2749889
2749966
2750025
2750038
2750074
2750182
2750260
2750283
2750341
2750485
2750505
2750579
2750628
2750634
2750693
2750781
2750790
2750854
2751090
2751129
2751192
2751312
2751323
2751331
2751379
2751484
2751551
2751609
2751746
2751800
2751920
2751933
2751959
2751994
2752190
2752223
2752240
2752391
2752511
2752544
2752715
2752759
2752782
2752816
2752922
2752946
2753089
2753118
2753149
2753151
2753267
2753278
2753368
2753377
2753566
2753690
2753711
2753825
2753869
2753940
2754071
2754082
2754156
2754174
2754332
2754401
2754422
2754454
2754467
2754552
2754631
2754768
2754804
2754862
2754936
2754972
2754990
2755016
2755050
2755111
2755247
2755317
2755352
2755376
2755393
2755436
2755513
2755614
2755653
2755704
2755762
2755805
2755840
2755879
2755903
2755910
2755925
2756004
2756049
2756295
2756425
2756469
2756615
2756620
2756647
2756731
2756865
2756958
2757290
2757304
2757349
2757482
2757502
2757625
2757811
2757953
2758012
2758023
2758031
2758079
2758098
2758113
2758122
2758180
2758230
2758336
2758348
2758409
2758444
2758556
2758569
2758574
2758684
2758770
2758917
2758945
2759116
2759245
2759252
2759347
2759498
2759514
2759529
2759703
2759807
2759872
2759930
2759996
2760173
2760343
2760406
2760465
2760520
2760571
2760797
2760825
2760887
2760891
2760905
2760940
2760964
2761116
2761150
2761423
2761457
2761667
2761678
2761918
2761996
2762016
2762197
2762247
2762345
2762472
2762614
2762641
2762670
2762704
2762718
2762730
2762903
2762910
2762956
2762974
2763019
2763024
2763063
2763072
2763106
2763323
2763357
2763697
2763889
2763915
2763933
2764202
2764295
2764425
2764442
2764491
2764555
2764615
2764620
2764682
2764712
2764740
2765146
2765324
2765348
2765458
2765503
2765684
2765741
2766037
2766181
2766190
2766279
2766325
2766356
2766391
2766428
2766747
2766794
2766802
2766980
2767003
2767010
2767038
2767226
2767418
2767557
2767598
2767628
2767748
2767835
2767995
2768082
2768214
2768413
2768517
2768623
2768936
2768963
2769013
2769035
2769112
2769179
2769304
2769420
2769447
2769550
2769577
2769584
2769625
2769728
2769734
2769844
2769965
2770187
2770500
2770528
2770534
2770862
2770955
2770981
2771016
2771077
2771095
2771158
2771247
2771463
2771472
2771501
2771546
2771580
2771653
2771704
2771727
2771749
2771823
2771831
2771903
2771925
2772009
2772143
2772315
2772412
2772423
2772440
2772541
2772570
2772592
2772622
2772646
2772699
2772710
2772742
2772824
2772855
2772927
2772973
2773031
2773057
2773218
2773319
2773372
2773426
2773525
2773616
2773706
2773815
2773859
2773961
2774038
2774194
2774337
2774388
2774427
2774449
2774523
2774557
2774564
2774634
2774781
2774867
2774878
2774977
2775055
2775063
2775081
2775090
2775137
2775192
2775238
2775287
2775596
2775889
2775994
2776001
2776123
2776131
2776236
2776255
2776263
2776349
2776362
2776385
2776595
2777202
2777216
2777399
2777469
2777829
2778151
2778377
2778414
2778758
2778810
2778842
2778887
2779014
2779037
2779136
2779212
2779325
2779489
2779526
2779560
2779604
2779782
2779877
2779980
2780005
2780180
2780218
2780444
2780591
2780650
2780695
2780729
2780820
2780882
2780917
2781006
2781136
2781155
2781240
2781630
2781766
2781967
2782036
2782048
2782141
2782165
2782269
2782357
2782439
2782468
2782504
2782644
2782683
2782697
2782828
2782852
2782947
2783077
2783095
2783109
2783126
2783158
2783328
2783407
2783436
2783580
2783614
2783840
2783991
2784046
2784099
2784123
2784164
2784198
2784290
2784373
2784396
2784433
2784521
2784610
2784734
2784844
2784858
2785061
2785076
2785118
2785173
2785278
2785350
2785566
2785571
2785744
2785986
2786168
2786184
2786228
2786315
2786371
2786440
2786565
2786601
2786678
2786756
2786949
2786962
2786985
2787047
2787059
2787138
2787191
2787214
2787589
2787679
2787739
2787830
2788003
2788042
2788056
2788275
2788512
2788523
2788600
2788617
2788652
2788748
2788846
2788878
2788902
2788921
2789018
2789027
2789049
2789117
2789519
2789536
2789829
2789888
2789892
2789926
2789975
2790050
2790077
2790490
2790546
2790629
2790637
2790670
2790898
2790991
2791062
2791100
2791193
2791277
2791354
2791403
2791410
2791491
2791581
2791666
2791694
2791705
2791983
2792052
2792093
2792213
2792222
2792384
2792533
2792619
2792711
2792783
2792931
2792940
2793014
2793155
2793172
2793264
2793286
2793298
2793303
2793434
2793526
2793575
2793583
2793618
2793696
2793708
2793715
2793946
2794083
2794102
2794195
2794289
2794359
2794588
2794678
2794680
2794699
2794738
2794769
2794918
2794949
2794962
2795147
2795275
2795473
2795505
2795579
2795600
2795645
2795736
2795801
2795880
2795977
2795995
2796188
2796242
2796256
2796287
2796357
2796421
2796683
2796780
2796828
2797218
2797363
2797542
2797591
2797650
2797706
2797808
2797847
2797961
2798112
2798123
2798207
2798304
2798318
2798447
2798543
2798625
2798656
2798691
2798745
2798776
2798793
2799142
2799206
2799309
2799344
2799397
2799528
2799552
2799561
2799589
2799605
2799804
2799827
2799936
2700011
2700320
2700537
2700807
2701003
2701283
2703140
2703327
2703625
2703844
2704043
2704197
2704361
2704840
2704864
2705189
2705277
2705524
2705870
2705888
2706064
2706348
2706684
2706833
2707055
2707340
2707386
2708649
2709246
2709299
2709316
2709465
2709619
2709690
2709912
2710106
2710137
2710305
2710386
2710713
2710915
2713479
2713537
2714310
2714342
2714673
2714913
2715110
2715169
2715191
2715344
2715383
2715698
2715896
2716831
2716898
2717874
2718442
2718491
2718960
2719755
2720065
2720119
2720310
2720493
2720558
2720575
2720747
2721033
2721344
2721552
2721768
2721777
2722108
2722120
2722505
2722652
2723378
2723536
2723723
2723837
2724269
2724291
2724312
2724421
2725420
2725568
2725844
2725875
2726213
2726465
2726655
2726672
2726810
2727126
2727144
2727419
2727762
2727773
2728541
2729381
2729882
2730161
2730295
2730469
2730740
2731180
2731432
2731737
2731882
2732157
2732516
2732844
2733623
2733862
2733924
2733936
2734076
2734571
2734672
2735044
2735184
2735261
2736159
2736512
2737092
2737298
2737391
2738562
2739352
2739501
2740013
2740099
2740198
2740433
2740669
2740811
2740832
2740897
2740906
2741052
2741624
2743042
2743244
2743275
2744847
2744989
2745088
2745190
2745696
2745967
2746631
2746664
2747457
2747613
2747973
2748183
2748215
2748436
2749081
2749188
2749323
2749439
2749596
2749852
2750115
2750748
2752310
2752452
2753017
2753104
2753797
2753986
2755109
2755233
2756152
2756853
2756888
2756909
2757013
2757914
2758101
2758668
2759060
2759083
2759293
2759320
2759646
2759725
2759824
2760492
2760533
2760619
2760648
2760681
2760912
2761060
2761412
2761742
2761855
2762144
2762317
2762328
2762501
2762546
2762823
2762831
2762879
2763504
2763834
2764757
2764806
2764870
2765064
2765273
2766303
2766884
2767069
2767297
2767329
2767617
2767790
2768422
2768827
2769067
2769776
2769858
2770138
2770698
2770896
2771160
2771352
2771910
2772184
2772308
2772359
2772405
2772506
2773204
2773569
2773788
2773808
2774042
2774496
2774598
2774748
2774790
2774950
2775106
2775129
2775340
2776054
2776067
2776420
2776482
2776638
2776734
2777221
2777354
2777705
2778339
2778775
2779257
2779338
2779445
2779544
2779597
2779954
2780871
2781181
2781257
2781286
2781696
2781759
2782364
2782551
2782626
2782933
2783039
2783197
2783247
2783481
2783641
2783665
2783749
2783925
2784408
2784875
2784992
2785093
2785162
2785470
2785957
2785964
2786320
2786423
2786588
2786725
2786848
2787033
2787288
2788427
2788579
2788822
2789346
2789399
2789487
2789798
2789997
2790095
2790328
2790463
2790606
2790910
2791250
2791322
2791519
2792571
2793544
2793685
2794026
2794293
2794382
2794506
2794635
2795091
2795171
2795485
2795790
2795939
2796495
2796585
2796767
2796845
2797390
2797792
2797820
2797917
2798001
2798164
2798459
2798809
2798858
2799174
2799467
2799640
2799963
