1200082
1200142
1200237
1200241
1200326
1200360
1200795
1200818
1200907
1200936
1201021
1201039
1201144
1201317
1201361
1201448
1201455
1201513
1201641
1201987
1202405
1202514
1202570
1202710
1202742
1202872
1203012
1203086
1203098
1203135
1203273
1203348
1203372
1203381
1203542
1203770
1203952
1203976
1203989
1204091
1204211
1204523
1204600
1204801
1204943
1205165
1205210
1205287
1205291
1205312
1205340
1205450
1205632
1205658
1205675
1205683
1205893
1205908
1205920
1205966
1206186
1206290
1206318
1206543
1206809
1206860
1206875
1206992
1207152
1207176
1207202
1207268
1207354
1207378
1207555
1207615
1207647
1207682
1207926
1208093
1208246
1208339
1208406
1208429
1208571
1208690
1208732
1208842
1208874
1209124
1209205
1209212
1209264
1209286
1209493
1209511
1209651
1209771
1210004
1210062
1210085
1210145
1210176
1210403
1210456
1210608
1210731
1210757
1211023
1211101
1211135
1211525
1211542
1211668
1212224
1212236
1212385
1212420
1212502
1212543
1212752
1213015
1213059
1213142
1213241
1213292
1213326
1213383
1213576
1213896
1213936
1214017
1214089
1214222
1214280
1214339
1214350
1214470
1214488
1214515
1214582
1214607
1214648
1214681
1214957
1214964
1215058
1215060
1215102
1215168
1215308
1215738
1215836
1215863
1216211
1216449
1216564
1216652
1216763
1216772
1216801
1216813
1216899
1216916
1217240
1217279
1217286
1217338
1217868
1218129
1218137
1218188
1218242
1218269
1218287
1218364
1218527
1218722
1218735
1218852
1219095
1219132
1219271
1219389
1219393
1219614
1220052
1220278
1220395
1220681
1220797
1220842
1221293
1221394
1221431
1221457
1221592
1221654
1221774
1221807
1221973
1222068
1222197
1222300
1222361
1222463
1222490
1222578
1222665
1222751
1222879
1223007
1223036
1223129
1223331
1223340
1223450
1223477
1223495
1223530
1223573
1223644
1223780
1223893
1223915
1223920
1224073
1224134
1224243
1224268
1224322
1224380
1224469
1224608
1224615
1224806
1225180
1225262
1225432
1225714
1225770
1225788
1225961
1225976
1226107
1226163
1226231
1226303
1226325
1226400
1226434
1226445
1226575
1226715
1227010
1227038
1227370
1227430
1227628
1227748
1227763
1227813
1228020
1228253
1228344
1228375
1228413
1228499
1228605
1228657
1228679
1229022
1229112
1229327
1229373
1229447
1229471
1229793
1229844
1230024
1230048
1230256
1230269
1230386
1230421
1230495
1230504
1230518
1230573
1230778
1230800
1230889
1230971
1231198
1231248
1231255
1231330
1231349
1231433
1231625
1231656
1231734
1231789
1231826
1231832
1231897
1231929
1231937
1232381
1232409
1232460
1232677
1232714
1232737
1232770
1232833
1232945
1233143
1233217
1233347
1233565
1233601
1233680
1233710
1233807
1233881
1233918
1233930
1233949
1234107
1234172
1234298
1234369
1234452
1234771
1234895
1234901
1235142
1235156
1235174
1235358
1235478
1235552
1235561
1235593
1235605
1235849
1236039
1236208
1236472
1236481
1236704
1236749
1236823
1236857
1237173
1237196
1237339
1237520
1237582
1237709
1237931
1237957
1238004
1238073
1238277
1238367
1238410
1238507
1238563
1238712
1238779
1238829
1238926
1239003
1239087
1239275
1239449
1239485
1239512
1239564
1239579
1239763
1239835
1239846
1239916
1239921
1240204
1240285
1240432
1240510
1240591
1240945
1241148
1241155
1241181
1241342
1241400
1241604
1241696
1241895
1241901
1242090
1242287
1242596
1242697
1242778
1242800
1242861
1242876
1243016
1243050
1243095
1243183
1243197
1243345
1243352
1243501
1243546
1243567
1243840
1244157
1244272
1244420
1244543
1244577
1244638
1244691
1244745
1244761
1244970
1245130
1245149
1245278
1245384
1245414
1245437
1245663
1245690
1245709
1245783
1245856
1245979
1245998
1246058
1246060
1246228
1246234
1246412
1246464
1246565
1246592
1246703
1246819
1246985
1247206
1247288
1247311
1247344
1247589
1247605
1247612
1247664
1247698
1247743
1247795
1247830
1247981
1248074
1248087
1248404
1248600
1248628
1248645
1249027
1249221
1249301
1249380
1249491
1249555
1249712
1250050
1250068
1250271
1250501
1250535
1250704
1251062
1251134
1251152
1251268
1251491
1251563
1251581
1251620
1251892
1251909
1252028
1252173
1252343
1252377
1252406
1252437
1252744
1252842
1252874
1252979
1253181
1253338
1253428
1253509
1253649
1253662
1253843
1253922
1254060
1254177
1254333
1254359
1254514
1254680
1254710
1255056
1255232
1255306
1255365
1255586
1255661
1255763
1255878
1255902
1256055
1256129
1256192
1256269
1256828
1256915
1257023
1257040
1257113
1257249
1257319
1257355
1257409
1257503
1257538
1257945
1257961
1258186
1258281
1258385
1258466
1258577
1258734
1258897
1258937
1259008
1259138
1259187
1259454
1259499
1259679
1259698
1259784
1259818
1260065
1260374
1260649
1260877
1261015
1261094
1261270
1261311
1261413
1261552
1261698
1261750
1261768
1261851
1261948
1262010
1262042
1262069
1262166
1262171
1262392
1262628
1262676
1262790
1262899
1262968
1263030
1263399
1263410
1263694
1263764
1263853
1263983
1264141
1264192
1264421
1264450
1264495
1264527
1264530
1264585
1264971
1265013
1265105
1265198
1265236
1265272
1265408
1265516
1265577
1265595
1265832
1265953
1266061
1266246
1266368
1266520
1266582
1266607
1266663
1266732
1266783
1266874
1266912
1266986
1267043
1267084
1267419
1267490
1267629
1267670
1267730
1267886
1268479
1268565
1268927
1269086
1269098
1269122
1269146
1269167
1269319
1269324
1269510
1269542
1269556
1269574
1269591
1269639
1269729
1269765
1269808
1269833
1269928
1270431
1270464
1270498
1270680
1270710
1270824
1271025
1271087
1271159
1271166
1271211
1271540
1271661
1271763
1271916
1272401
1272454
1272589
1272885
1273001
1273255
1273415
1273502
1273516
1273543
1273577
1273610
1273691
1273734
1273793
1273953
1274084
1274160
1274197
1274692
1274987
1275027
1275145
1275161
1275335
1275507
1275841
1276113
1276251
1276411
1276741
1276859
1277188
1277386
1277439
1277504
1277585
1277675
1277701
1277780
1277889
1278053
1278088
1278092
1278119
1278172
1278205
1278489
1278575
1278696
1278766
1279052
1279089
1279130
1279441
1279636
1279655
1279709
1279744
1279986
1280001
1280700
1280717
1280965
1281076
1281104
1281118
1281173
1281246
1281350
1281619
1281672
1281744
1281940
1282030
1282100
1282284
1282346
1282399
1282590
1282671
1282814
1282997
1283038
1283147
1283159
1283182
1283512
1283531
1283586
1283645
1283781
1283977
1284307
1284319
1284372
1284538
1284587
1284677
1284737
1284741
1284900
1284945
1285014
1285088
1285342
1285434
1285476
1285489
1285651
1285759
1285816
1285839
1286138
1286375
1286383
1286702
1286768
1287009
1287026
1287143
1287289
1287333
1287486
1287613
1287951
1288016
1288068
1288109
1288208
1288328
1288513
1288578
1288599
1288614
1289024
1289090
1289114
1289170
1289287
1289312
1289364
1289402
1289421
1289562
1289780
1289845
1289889
1289893
1289920
1290010
1290038
1290258
1290329
1290370
1290388
1290531
1290579
1290781
1290846
1290943
1291072
1291114
1291137
1291192
1291210
1291398
1291713
1291778
1291799
1291933
1292163
1292190
1292452
1292509
1292696
1292733
1292771
1292802
1292980
1293000
1293093
1293162
1293173
1293414
1293547
1293672
1293732
1293775
1293923
1294015
1294033
1294066
1294103
1294478
1294480
1294743
1294784
1294804
1294851
1294896
1295016
1295039
1295043
1295095
1295160
1295554
1295665
1295840
1295857
1295987
1296027
1296277
1296438
1296519
1296723
1296853
1296865
1296870
1296911
1297001
1297022
1297140
1297157
1297224
1297408
1297447
1297691
1297809
1297811
1298199
1298390
1298538
1298587
1298616
1298643
1298650
1298833
1298847
1299195
1299553
1299588
1299824
1299951
