1000824
1001763
1006432
1006574
1007081
1011046
1012101
1012871
1013703
1016068
1018712
1019523
1020434
1021830
1021924
1025811
1027407
1031180
1031475
1032603
1034663
1035289
1037148
1039002
1039328
1043790
1044900
1045231
1045374
1048247
1048271
1050337
1050512
1051287
1053492
1056250
1065426
1065993
1067209
1068008
1068292
1068698
1069179
1070777
1071886
1080296
1080621
1082188
1083126
1085856
1089491
1090109
1092149
1095226
1096722
1096746
1097458
1000032
1000097
1000308
1000366
1000654
1001042
1001069
1001108
1001115
1001120
1001314
1001370
1001404
1001418
1001473
1001564
1001645
1001781
1001790
1001939
1002020
1002059
1002206
1002214
1002253
1002326
1002435
1002534
1002605
1002721
1002743
1002963
1003236
1003272
1003373
1003568
1003752
1003832
1003858
1003929
1003937
1003953
1003965
1003992
1004016
1004084
1004160
1004419
1004455
1004513
1004522
1004567
1004629
1004641
1004692
1004727
1004751
1004796
1004812
1004840
1004864
1004886
1004938
1005004
1005152
1005189
1005202
1005221
1005335
1005469
1005487
1005647
1005671
1005837
1005841
1005909
1006005
1006079
1006086
1006249
1006296
1006319
1006324
1006409
1006542
1006569
1006677
1006684
1006706
1006729
1006808
1006866
1006928
1007036
1007323
1007468
1007518
1007562
1007701
1007845
1007893
1008053
1008070
1008092
1008119
1008356
1008417
1008445
1008461
1008509
1008558
1008651
1008868
1008922
1009093
1009149
1009321
1009343
1009619
1009636
1009869
1009905
1009940
1009957
1010090
1010137
1010141
1010192
1010238
1010256
1010274
1010305
1010421
1010658
1010778
1010834
1010893
1011035
1011080
1011140
1011224
1011236
1011255
1011272
1011318
1011327
1011396
1011408
1011494
1011502
1011734
1011752
1011776
1011906
1011992
1012031
1012204
1012249
1012285
1012324
1012372
1012426
1012510
1012569
1012684
1012847
1012882
1012934
1013026
1013058
1013097
1013139
1013184
1013217
1013245
1013289
1013333
1013366
1013382
1013498
1013506
1013514
1013699
1013710
1013787
1013927
1013930
1014092
1014181
1014387
1014391
1014434
1014452
1014509
1014708
1014782
1014868
1014946
1014967
1015066
1015071
1015103
1015138
1015187
1015237
1015478
1015545
1015552
1015612
1015664
1015698
1015721
1015818
1015972
1015981
1016039
1016126
1016247
1016282
1016300
1016317
1016328
1016546
1016567
1016670
1016805
1017000
1017034
1017061
1017093
1017127
1017246
1017278
1017453
1017508
1017681
1017732
1017783
1017797
1017842
1017931
1018085
1018176
1018189
1018216
1018221
1018322
1018346
1018507
1018536
1018555
1018633
1018666
1018892
1018975
1018983
1019010
1019038
1019074
1019159
1019365
1019404
1019449
1019473
1019600
1019634
1019645
1019724
1019763
1019781
1019968
1019984
1019995
1020014
1020181
1020240
1020286
1020387
1020476
1020583
1020597
1020649
1020651
1020708
1020913
1020935
1020954
1021020
1021375
1021397
1021401
1021467
1021593
1021657
1021739
1021750
1021862
1021873
1021955
1021963
1021990
1022074
1022115
1022159
1022211
1022297
1022353
1022418
1022462
1022557
1022634
1022661
1022693
1022724
1022736
1022772
1022813
1022867
1022984
1023049
1023134
1023145
1023176
1023189
1023243
1023250
1023295
1023399
1023425
1023694
1023712
1023814
1023829
1023983
1024114
1024129
1024188
1024291
1024312
1024504
1024585
1024626
1024697
1024817
1024933
1025067
1025179
1025186
1025224
1025327
1025459
1025471
1025494
1025595
1025776
1025826
1025883
1025906
1025953
1025965
1025970
1025992
1026017
1026034
1026093
1026254
1026278
1026302
1026395
1026488
1026582
1026636
1026681
1026760
1026838
1026891
1027077
1027084
1027220
1027271
1027513
1027614
1027749
1027785
1027879
1027903
1027925
1027942
1027991
1028009
1028097
1028121
1028200
1028308
1028315
1028405
1028601
1028613
1028703
1028787
1028824
1028918
1029005
1029086
1029146
1029178
1029230
1029307
1029355
1029483
1029510
1029525
1029643
1029668
1029677
1029741
1029934
1030004
1030018
1030027
1030062
1030202
1030268
1030295
1030322
1030378
1030740
1030786
1030909
1031113
1031122
1031296
1031319
1031324
1031432
1031525
1031542
1031643
1031650
1031695
1031729
1031737
1031741
1031753
1031765
1031815
1031859
1031989
1032080
1032105
1032272
1032304
1032471
1032482
1032638
1032687
1032691
1032734
1032745
1032809
1033125
1033191
1033422
1033851
1033981
1034441
1034453
1034470
1034571
1034636
1034732
1034760
1034810
1034838
1034874
1034931
1034940
1035083
1035097
1035200
1035486
1035667
1035725
1035848
1035996
1036087
1036133
1036194
1036306
1036353
1036365
1036404
1036689
1036693
1036724
1036813
1036846
1036880
1036968
1037029
1037124
1037190
1037257
1037434
1037526
1037544
1037708
1037850
1037877
1037884
1037901
1037922
1037935
1038170
1038439
1038495
1038573
1038609
1038683
1038780
1038800
1039068
1039077
1039126
1039144
1039158
1039175
1039183
1039271
1039334
1039436
1039481
1039546
1039567
1039599
1039762
1039823
1039879
1039886
1039925
1039969
1040157
1040179
1040224
1040281
1040362
1040471
1040550
1040625
1040752
1040793
1040832
1040929
1041093
1041149
1041278
1041339
1041350
1041368
1041582
1041619
1041624
1041923
1041931
1041998
1042030
1042202
1042243
1042250
1042295
1042399
1042438
1042519
1042590
1042620
1042705
1042712
1042757
1042779
1042814
1043194
1043283
1043306
1043427
1043430
1043661
1043724
1043899
1043902
1043939
1043943
1044135
1044218
1044251
1044262
1044355
1044390
1044409
1044460
1044475
1044510
1044556
1044639
1044650
1044847
1044882
1045041
1045092
1045163
1045240
1045264
1045279
1045400
1045434
1045452
1045476
1045526
1045560
1045649
1045802
1046187
1046309
1046358
1046360
1046593
1046623
1046679
1046686
1046795
1046907
1046963
1047026
1047075
1047116
1047143
1047168
1047366
1047479
1047622
1047738
1047756
1047774
1047791
1047807
1047927
1047949
1048039
1048126
1048294
1048501
1048522
1048567
1048578
1048637
1048641
1048688
1048773
1048796
1049048
1049165
1049188
1049312
1049364
1049386
1049495
1049573
1049609
1049675
1049746
1049799
1049828
1049852
1050042
1050056
1050074
1050159
1050171
1050275
1050283
1050388
1050430
1050496
1050531
1050598
1050781
1050790
1050813
1050950
1051019
1051024
1051238
1051364
1051386
1051443
1051632
1051658
1051660
1051675
1051713
1051754
1051845
1051933
1051966
1051982
1052029
1052107
1052148
1052163
1052172
1052257
1052325
1052342
1052369
1052417
1052649
1052685
1052708
1052759
1052868
1052895
1052935
1052954
1053093
1053201
1053222
1053302
1053339
1053395
1053571
1053607
1053636
1053711
1053825
1053856
1053979
1054020
1054071
1054082
1054094
1054142
1054187
1054206
1054270
1054326
1054467
1054631
1054768
1054818
1054827
1054885
1055084
1055109
1055294
1055334
1055448
1055637
1055857
1055938
1055956
1056004
1056117
1056128
1056152
1056268
1056367
1056507
1056524
1056548
1056581
1056590
1056779
1056870
1056911
1056926
1056960
1056983
1057255
1057330
1057691
1057929
1057953
1058057
1058064
1058098
1058204
1058249
1058483
1058503
1058621
1058729
1058770
1058894
1058961
1059097
1059293
1059431
1059464
1059506
1059529
1059703
1059710
1059725
1059738
1059769
1059787
1059791
1059951
1059973
1060045
1060213
1060343
1060350
1060368
1060429
1060508
1060594
1060648
1060711
1060905
1060912
1060923
1061083
1061116
1061252
1061412
1061423
1061431
1061440
1061479
1061514
1061836
1061904
1061930
1061973
1062016
1062068
1062095
1062144
1062271
1062393
1062448
1062554
1062578
1062670
1062688
1062751
1062773
1062840
1062857
1062864
1062879
1062938
1063364
1063421
1063632
1063834
1064062
1064128
1064134
1064202
1064239
1064301
1064354
1064380
1064442
1064474
1064659
1064814
1064958
1064983
1064997
1065012
1065064
1065079
1065113
1065218
1065249
1065285
1065296
1065324
1065483
1065684
1065820
1066006
1066298
1066391
1066428
1066445
1066532
1066618
1066651
1066662
1066708
1066782
1066839
1066868
1066946
1066978
1067091
1067260
1067505
1067557
1067579
1067645
1067689
1067950
1067984
1068020
1068156
1068214
1068237
1068332
1068344
1068500
1068545
1068795
1068830
1068849
1068873
1068907
1069198
1069304
1069373
1069459
1069494
1069521
1069568
1069610
1069728
1069809
1069844
1069929
1070071
1070174
1070191
1070270
1070326
1070499
1070500
1070593
1070640
1070795
1070924
1071016
1071021
1071043
1071144
1071247
1071271
1071345
1071389
1071424
1071436
1071455
1071614
1071727
1071773
1071796
1071840
1071969
1072097
1072116
1072308
1072382
1072440
1072635
1072699
1072836
1072890
1073180
1073227
1073296
1073409
1073426
1073458
1073587
1073621
1073706
1073833
1073859
1073882
1073917
1074147
1074159
1074283
1074314
1074329
1074404
1074505
1074557
1074598
1074634
1074645
1075048
1075114
1075165
1075364
1075416
1075551
1075585
1075713
1075908
1075971
1076022
1076263
1076327
1076415
1076521
1076625
1076687
1076809
1076937
1076953
1076988
1077049
1077085
1077128
1077193
1077438
1077442
1077581
1077615
1077814
1077888
1077892
1077926
1078028
1078089
1078201
1078316
1078488
1078515
1078559
1078619
1078711
1078744
1078803
1078810
1078825
1078957
1079053
1079286
1079476
1079509
1079627
1079630
1079662
1079720
1079759
1079794
1079843
1079935
1079967
1080086
1080122
1080230
1080249
1080390
1080432
1080503
1080556
1080569
1080574
1080602
1080643
1080714
1080741
1080770
1080820
1080900
1080952
1081041
1081088
1081240
1081286
1081325
1081400
1081673
1081715
1081839
1081868
1081901
1082114
1082274
1082287
1082305
1082477
1082611
1082626
1082701
1082817
1082920
1082959
1083084
1083109
1083111
1083334
1083407
1083424
1083455
1083522
1083554
1083688
1083704
1083749
1083898
1084013
1084236
1084362
1084568
1084603
1084625
1084656
1084717
1084809
1084860
1084937
1084941
1085222
1085278
1085465
1085515
1085559
1085636
1085709
1085775
1086195
1086217
1086261
1086431
1086440
1086479
1086514
1086537
1086635
1086756
1086791
1086890
1086973
1086985
1087103
1087142
1087716
1087919
1088003
1088025
1088042
1088069
1088087
1088159
1088232
1088275
1088306
1088314
1088370
1088392
1088505
1088652
1088689
1088719
1088748
1088755
1088790
1088822
1088902
1088984
1088995
1089128
1089176
1089380
1089548
1089608
1089723
1089837
1089926
1090002
1090021
1090160
1090175
1090215
1090259
1090407
1090580
1090688
1090751
1090903
1090938
1090969
1091117
1091152
1091189
1091221
1091346
1091410
1091524
1091581
1091590
1091620
1091798
1091865
1091911
1092076
1092185
1092213
1092299
1092339
1092377
1092384
1092547
1092559
1092681
1093092
1093212
1093257
1093264
1093286
1093374
1093461
1093627
1093630
1093662
1093673
1093720
1093794
1093978
1094060
1094075
1094097
1094139
1094168
1094245
1094252
1094320
1094464
1094479
1094506
1094541
1094553
1094592
1094635
1094710
1094824
1094836
1094951
1095147
1095365
1095449
1095531
1095540
1095707
1095736
1095984
1096114
1096170
1096225
1096331
1096450
1096484
1096530
1096701
1096735
1096767
1096908
1096920
1096982
1097167
1097199
1097348
1097363
1097381
1097460
1097587
1097677
1097737
1097788
1097900
1097961
1098001
1098112
1098131
1098179
1098224
1098272
1098304
1098516
1098656
1098700
1098761
1098811
1098826
1098906
1098941
1098988
1099066
1099082
1099110
1099187
1099332
1099383
1099640
1099698
1000245
1001074
1001329
1001661
1001822
1002142
1002360
1002517
1002664
1003263
1003494
1005018
1005193
1005911
1005975
1006372
1006714
1007439
1008286
1008325
1008816
1009118
1009201
1009254
1009923
1010055
1010063
1010242
1011420
1011625
1011674
1011789
1012012
1012976
1014065
1014604
1015094
1015332
1015397
1015467
1015480
1015631
1015750
1015896
1016215
1016455
1017594
1017711
1018456
1019133
1019370
1019430
1019451
1020369
1020696
1020901
1021125
1021292
1022365
1022449
1022822
1023193
1023202
1023277
1024137
1024450
1024518
1025105
1025373
1025433
1025656
1025669
1026185
1026368
1026619
1026842
1026964
1027215
1027436
1027490
1027578
1027969
1028060
1028541
1029251
1029336
1030073
1030442
1030469
1030659
1030806
1030911
1030983
1032281
1032595
1032761
1033253
1033784
1034052
1034566
1035143
1035245
1035252
1036147
1036171
1036719
1036755
1037264
1038269
1038468
1038778
1038817
1038994
1039501
1040516
1040610
1041034
1041343
1041429
1041508
1041547
1041797
1042786
1043329
1043748
1043781
1043977
1044012
1044307
1044833
1044859
1044961
1045618
1045627
1045715
1046174
1046229
1046326
1046919
1047394
1048002
1048050
1048109
1048328
1048857
1048886
1049024
1050038
1050365
1050451
1050707
1052053
1052136
1052356
1052733
1052747
1052843
1053213
1053384
1053726
1053905
1054413
1054422
1054435
1054664
1054739
1054948
1055002
1055175
1055641
1055692
1055796
1055987
1056442
1056536
1056555
1057832
1058113
1058695
1058808
1058820
1058859
1059150
1059347
1059366
1060017
1060201
1060280
1060520
1060607
1060838
1061382
1061498
1061537
1061588
1061710
1061791
1061863
1062629
1062910
1063861
1064018
1064193
1064507
1064764
1064779
1065602
1065894
1065928
1066136
1066794
1066802
1066967
1067025
1067430
1067628
1067854
1068059
1068311
1069105
1069330
1069811
1069965
1069970
1070253
1070849
1071898
1072058
1072083
1072824
1073040
1073483
1073569
1074003
1074392
1074449
1075024
1075210
1075225
1075959
1076224
1076832
1076970
1077051
1077378
1078076
1078104
1078118
1078235
1079205
1079240
1079400
1079532
1080023
1080497
1080525
1081136
1081223
1081816
1082153
1082238
1082551
1082562
1082644
1082971
1082994
1083021
1083132
1083282
1083393
1083490
1084224
1084745
1085196
1085201
1085923
1086032
1086150
1086168
1086308
1086382
1086819
1087125
1087174
1087311
1087446
1087827
1087948
1088260
1090084
1090095
1090220
1090247
1090317
1090345
1090455
1090987
1091239
1092470
1092760
1093509
1093715
1093766
1093802
1093913
1094333
1094756
1095634
1095755
1095801
1096188
1096527
1096778
1097154
1097178
1097432
1097444
1097639
1097882
1098080
1098937
1099047
1099265
1099288
1099534
1099589
1099612
1099623
1099873
1099981
1099990
