3502312
3506635
3507288
3509997
3511300
3513460
3515048
3517117
3517932
3521530
3522532
3524326
3525077
3531819
3535023
3535639
3535714
3536369
3536417
3537813
3540039
3541829
3542185
3543181
3543802
3545878
3545995
3547497
3547792
3552404
3553018
3553694
3555013
3555022
3555327
3557823
3559411
3560073
3561650
3562642
3562875
3563237
3565506
3566676
3567630
3568090
3569197
3569407
3569688
3572808
3572961
3573848
3575716
3579835
3583385
3588148
3588369
3590656
3592841
3593038
3593427
3594113
3595092
3599019
3500005
3500023
3500101
3500178
3500204
3500262
3500336
3500348
3500381
3500432
3500483
3500538
3500542
3500587
3500684
3500729
3500765
3500820
3500871
3500882
3501092
3501124
3501205
3501212
3501257
3501544
3501560
3501604
3501733
3501747
3501816
3501843
3501895
3501967
3502072
3502081
3502256
3502398
3502421
3502495
3502504
3502549
3502551
3502562
3502632
3502701
3502828
3502834
3503016
3503294
3503361
3503424
3503513
3503599
3503910
3503925
3503956
3504035
3504046
3504080
3504164
3504236
3504385
3504502
3504568
3504610
3504691
3504761
3504844
3504906
3504929
3504953
3504965
3504970
3504992
3505052
3505213
3505321
3505470
3505488
3505582
3505690
3505709
3506139
3506405
3506440
3506601
3506613
3506678
3506738
3506819
3506848
3506890
3506918
3506949
3507059
3507103
3507110
3507138
3507253
3507326
3507358
3507413
3507480
3507589
3507640
3507721
3507849
3507873
3507896
3507972
3508074
3508091
3508147
3508194
3508211
3508297
3508314
3508353
3508473
3508736
3508763
3508801
3508939
3508984
3509239
3509456
3509536
3509608
3509705
3509712
3509779
3509806
3509888
3510094
3510169
3510206
3510360
3510397
3510401
3510454
3510589
3510631
3510664
3510750
3510768
3510804
3510873
3511002
3511021
3511039
3511084
3511126
3511132
3511144
3511158
3511247
3511266
3511389
3511448
3511455
3511472
3511773
3511823
3511898
3511938
3512184
3512394
3512431
3512541
3512680
3512725
3512742
3512791
3512985
3513005
3513012
3513064
3513122
3513146
3513180
3513204
3513363
3513426
3513525
3513650
3513741
3513820
3513866
3513993
3514171
3514353
3514370
3514392
3514485
3514661
3514693
3514748
3514755
3514781
3514813
3514878
3514939
3514984
3514995
3515019
3515238
3515274
3515291
3515364
3515484
3515609
3515799
3515800
3515845
3515971
3516179
3516281
3516385
3516408
3516603
3516638
3516674
3516811
3517085
3517100
3517176
3517202
3517295
3517507
3517659
3517723
3517806
3517911
3517983
3518045
3518127
3518173
3518185
3518196
3518201
3518377
3518384
3518406
3518520
3518619
3518711
3518760
3518810
3518979
3519029
3519041
3519107
3519190
3519434
3519575
3519673
3519759
3519802
3520025
3520091
3520147
3520182
3520194
3520211
3520244
3520392
3520418
3520564
3520628
3520634
3520693
3520736
3520801
3520813
3520835
3520846
3520977
3521048
3521055
3521063
3521165
3521188
3521225
3521305
3521323
3521340
3521386
3521421
3521484
3521562
3521675
3521701
3521735
3521959
3522053
3522065
3522181
3522257
3522391
3522445
3522452
3522493
3522662
3522759
3522821
3523017
3523235
3523267
3523437
3523533
3523559
3523726
3523783
3523797
3523923
3523940
3524138
3524191
3524229
3524241
3524309
3524397
3524413
3524446
3524534
3524589
3524612
3524631
3524686
3524698
3524702
3524849
3524862
3524919
3524936
3525132
3525266
3525328
3525455
3525614
3525688
3525704
3525727
3525831
3525886
3525903
3525974
3526128
3526145
3526152
3526313
3526474
3526536
3526633
3526659
3526705
3526865
3526888
3526960
3526975
3526997
3527054
3527123
3527164
3527459
3527494
3527521
3527638
3527793
3527826
3527858
3527860
3527897
3528005
3528390
3528432
3528542
3528602
3528616
3528650
3528684
3528706
3528917
3529333
3529431
3529457
3529646
3529699
3529787
3529890
3529918
3529962
3529985
3530000
3530076
3530299
3530339
3530437
3530515
3530533
3530547
3530571
3530690
3530726
3530775
3530797
3530825
3530838
3530842
3530869
3530874
3530887
3530905
3530979
3531058
3531217
3531228
3531252
3531276
3531320
3531412
3531440
3531464
3531486
3531529
3531678
3531872
3531881
3531918
3532175
3532220
3532271
3532599
3532629
3532637
3532665
3532762
3532785
3532805
3532812
3532879
3532991
3533036
3533055
3533090
3533137
3533153
3533192
3533305
3533398
3533450
3533527
3533551
3533767
3533852
3533959
3534004
3534018
3534134
3534239
3534301
3534438
3534456
3534469
3534615
3534633
3534814
3534870
3534958
3535249
3535319
3535355
3535460
3535737
3535753
3536037
3536148
3536212
3536286
3536342
3536374
3536489
3536511
3536575
3536720
3536759
3536821
3536850
3537209
3537226
3537388
3537512
3537564
3537736
3537781
3537801
3537867
3538008
3538138
3538191
3538422
3538478
3538528
3538664
3538768
3538804
3538827
3538862
3538896
3538907
3539099
3539140
3539164
3539236
3539327
3539330
3539543
3539550
3539568
3539584
3539638
3539642
3539752
3539761
3539789
3539832
3540016
3540043
3540068
3540084
3540158
3540197
3540352
3540535
3540653
3540903
3540974
3540991
3541354
3541367
3541410
3541469
3541474
3541491
3541536
3541572
3541705
3541740
3541764
3541798
3541892
3541909
3541944
3542017
3542028
3542201
3542321
3542465
3542492
3542582
3542726
3542803
3542856
3542957
3543119
3543212
3543303
3543342
3543391
3543434
3543558
3543618
3543673
3543715
3543843
3543913
3543954
3543978
3543980
3544044
3544083
3544116
3544195
3544217
3544359
3544412
3544431
3544498
3544541
3544622
3544756
3544774
3544881
3545003
3545010
3545133
3545147
3545370
3545449
3545451
3545531
3545598
3545661
3545689
3545724
3545854
3545984
3546007
3546114
3546137
3546450
3546585
3546828
3546947
3546982
3547057
3547135
3547204
3547285
3547381
3547483
3547591
3547668
3547684
3547729
3547820
3547859
3547866
3548013
3548067
3548099
3548123
3548255
3548373
3548494
3548543
3548550
3548595
3548638
3548642
3548691
3548965
3549047
3549059
3549082
3549156
3549229
3549265
3549270
3549332
3549397
3549517
3549576
3549743
3550212
3550231
3550325
3550558
3550673
3551033
3551241
3551253
3551358
3551383
3551480
3551561
3551605
3551657
3551686
3551830
3551896
3551948
3551990
3552038
3552042
3552069
3552120
3552159
3552232
3552297
3552314
3552392
3552523
3552600
3552652
3552661
3552790
3552822
3552899
3553004
3553145
3553277
3553474
3553487
3553563
3553731
3553786
3553892
3553932
3553944
3553960
3554048
3554063
3554305
3554340
3554357
3554398
3554450
3554495
3554504
3554551
3554573
3554596
3554861
3554908
3555123
3555219
3555373
3555466
3555494
3555516
3555584
3555700
3555761
3555789
3555860
3556254
3556299
3556350
3556377
3556441
3556453
3556582
3556709
3556979
3557043
3557158
3557345
3557407
3557463
3557481
3557535
3557641
3557840
3557974
3557987
3558011
3558252
3558308
3558457
3558479
3558514
3558588
3558742
3558819
3558836
3559031
3559057
3559204
3559227
3559249
3559336
3559390
3559458
3559460
3559510
3559729
3559847
3559894
3559928
3560062
3560117
3560176
3560250
3560284
3560474
3560572
3560779
3560892
3560958
3561005
3561079
3561218
3561249
3561324
3561363
3561458
3561591
3561847
3561882
3562001
3562131
3562224
3562290
3562471
3562550
3562584
3562687
3562776
3562914
3562929
3563326
3563383
3563413
3563593
3563631
3563743
3564130
3564149
3564185
3564222
3564533
3564547
3564571
3564582
3564607
3564760
3564931
3565102
3565139
3565168
3565177
3565184
3565289
3565293
3565366
3565405
3565646
3565824
3565863
3565890
3566120
3566182
3566194
3566353
3566634
3566748
3566916
3567006
3567065
3567303
3567445
3567489
3567627
3567733
3567771
3567895
3568019
3568036
3568137
3568287
3568386
3568398
3568527
3568585
3568596
3568767
3568800
3568834
3568893
3568915
3568933
3569095
3569109
3569160
3569463
3569578
3569730
3569886
3569903
3569987
3570063
3570090
3570114
3570129
3570256
3570331
3570340
3570364
3570398
3570421
3570644
3570701
3570746
3570799
3570800
3570933
3570966
3570982
3571013
3571140
3571272
3571318
3571330
3571351
3571433
3571595
3571883
3571941
3572031
3572064
3572098
3572204
3572262
3572296
3572348
3572409
3572411
3572432
3572460
3572475
3572556
3572621
3572695
3572714
3572770
3573009
3573011
3573058
3573168
3573184
3573347
3573529
3573541
3573613
3573699
3573791
3573836
3573904
3573949
3573951
3574053
3574088
3574092
3574163
3574172
3574190
3574286
3574387
3574461
3574526
3574649
3574696
3574720
3574766
3574816
3574868
3574978
3574999
3575033
3575142
3575253
3575288
3575358
3575467
3575534
3575561
3575631
3575698
3575777
3575907
3575948
3575972
3576050
3576084
3576095
3576175
3576407
3576522
3576554
3576688
3576938
3576969
3577061
3577196
3577278
3577339
3577350
3577377
3577453
3577465
3577470
3577492
3577571
3577624
3577663
3577726
3577760
3577979
3578268
3578277
3578335
3578354
3578367
3578469
3578666
3578798
3578806
3578865
3578960
3579003
3579365
3579505
3579512
3579564
3579645
3579736
3579916
3579950
3579968
3580060
3580234
3580405
3580412
3580486
3580506
3580541
3580565
3580588
3580738
3580774
3580824
3580836
3580949
3580985
3581042
3581069
3581159
3581244
3581430
3581523
3581540
3581645
3581661
3581790
3581880
3581902
3582008
3582020
3582125
3582138
3582169
3582206
3582253
3582309
3582326
3582360
3582446
3582467
3582576
3582679
3582739
3582768
3582830
3582885
3582972
3582981
3583013
3583112
3583123
3583179
3583198
3583351
3583447
3583543
3583642
3583691
3583761
3583793
3583941
3583970
3584002
3584144
3584215
3584294
3584300
3584389
3584448
3584501
3584580
3584599
3584614
3584637
3584796
3584805
3584812
3584840
3584925
3584956
3585073
3585100
3585284
3585301
3585313
3585536
3585572
3585590
3585615
3585647
3585806
3585960
3585997
3586218
3586355
3586542
3586621
3586765
3586820
3586833
3586961
3586976
3587081
3587090
3587153
3587210
3587305
3587443
3587530
3587562
3587626
3587713
3587799
3587800
3587845
3587852
3588240
3588257
3588338
3588374
3588445
3588575
3588618
3588649
3588715
3588802
3588877
3588922
3588954
3588978
3589000
3589045
3589118
3589222
3589377
3589395
3589414
3589732
3589760
3589912
3589940
3590112
3590131
3590164
3590198
3590263
3590281
3590466
3590595
3590687
3590789
3590793
3590832
3590953
3590965
3590992
3591130
3591162
3591185
3591201
3591278
3591368
3591384
3591508
3591594
3591636
3591655
3591690
3591803
3591869
3592004
3592027
3592322
3592354
3592380
3592403
3592425
3592438
3592442
3592524
3592572
3592798
3592806
3592888
3592909
3592983
3593115
3593120
3593194
3593232
3593260
3593275
3593540
3593689
3594079
3594199
3594483
3594542
3594591
3594677
3594706
3594729
3594737
3594765
3594820
3594928
3594976
3595014
3595065
3595107
3595163
3595257
3595264
3595391
3595434
3595445
3595511
3595560
3595575
3595597
3595816
3595901
3595913
3595922
3595980
3596033
3596229
3596413
3596446
3596576
3596716
3596862
3597060
3597102
3597116
3597228
3597245
3597293
3597315
3597725
3597927
3597930
3597973
3598002
3598039
3598084
3598144
3598282
3598393
3598455
3598749
3598751
3598773
3598823
3598840
3599055
3599114
3599137
3599210
3599312
3599504
3599609
3599632
3599658
3599701
3599800
3599861
3599889
3500859
3501279
3501387
3501759
3502269
3503942
3504327
3504625
3505089
3505406
3505760
3506588
3506646
3508392
3508523
3509284
3509403
3509487
3509666
3510309
3510924
3511220
3512060
3512289
3512457
3512738
3514194
3515090
3515675
3515754
3516001
3517647
3518681
3519205
3519240
3519279
3519560
3519651
3519733
3519884
3520209
3520916
3521024
3521141
3521287
3521416
3521800
3521834
3522092
3522286
3522298
3522489
3522715
3523052
3523093
3523624
3523636
3523709
3524020
3524142
3524679
3525126
3525501
3525567
3525956
3525969
3526085
3526100
3526221
3527263
3527568
3527669
3527728
3527883
3528057
3528154
3528372
3528460
3528569
3528668
3528882
3529139
3529177
3529951
3530246
3530280
3530681
3531044
3531514
3531742
3532084
3532132
3532481
3532653
3533340
3533421
3533484
3533518
3533596
3533845
3534085
3534474
3534555
3534960
3535336
3535503
3535650
3536325
3536428
3536526
3536715
3537159
3537314
3537329
3537921
3538094
3538103
3538446
3538679
3538698
3539420
3539447
3539860
3540160
3540271
3540389
3540567
3540641
3541030
3541581
3542093
3542118
3542254
3543400
3544315
3544347
3544570
3544588
3544904
3545748
3546090
3546323
3547390
3547525
3547574
3547882
3547952
3548157
3548669
3548687
3549008
3549142
3549360
3549885
3549948
3550107
3550895
3552496
3552748
3553134
3553403
3553615
3554072
3555248
3555349
3555385
3555625
3556874
3556887
3557282
3557294
3557455
3557513
3558058
3558097
3558116
3558139
3558217
3558315
3558498
3558613
3558890
3559101
3559792
3559945
3560161
3560268
3560277
3560740
3560870
3560997
3561390
3561426
3561460
3561677
3562459
3562745
3562761
3562811
3562826
3563360
3563576
3563623
3563924
3564316
3564470
3564709
3565308
3565725
3566010
3566329
3566388
3566628
3566755
3566835
3567136
3567338
3567560
3568274
3569220
3569361
3569580
3569831
3569879
3570291
3570596
3571224
3571761
3571826
3571914
3572677
3573195
3573315
3573769
3574630
3574662
3575059
3575169
3575397
3576016
3576158
3576629
3576773
3576974
3577089
3577127
3577508
3577619
3578295
3578555
3578786
3579069
3579133
3579772
3580168
3580320
3581337
3581392
3581736
3581822
3582332
3582777
3583669
3583965
3584077
3584578
3584653
3584785
3584831
3585216
3586307
3586677
3587170
3587188
3587683
3587908
3587982
3588172
3588356
3588895
3588901
3589267
3589406
3589964
3589998
3590054
3590988
3591151
3592018
3592096
3592176
3592659
3593617
3594086
3594218
3594296
3595715
3596071
3596169
3596664
3596955
3597026
3597044
3597366
3597457
3597872
3598361
3598637
3598910
