5300700
5303586
5305597
5305913
5306862
5308345
5308501
5315049
5315399
5316409
5317735
5320969
5321975
5322891
5323041
5326722
5328595
5329033
5331948
5335022
5336931
5338308
5341210
5345455
5350998
5351498
5352991
5354712
5354911
5355012
5358589
5359067
5359349
5359642
5360675
5366823
5367515
5367797
5368202
5368380
5370608
5371741
5371753
5372022
5375824
5376306
5377696
5379785
5380174
5382592
5383574
5384995
5385238
5390199
5393175
5395429
5396787
5397292
5399806
5300022
5300131
5300349
5300362
5300568
5300595
5300625
5300687
5300734
5300745
5300761
5300832
5300929
5301267
5301280
5301619
5301655
5301681
5301797
5301856
5301887
5301905
5302049
5302239
5302243
5302250
5302354
5302403
5302469
5302536
5302723
5302779
5302829
5302958
5303003
5303091
5303147
5303182
5303258
5303297
5303430
5303462
5303600
5303645
5303707
5303772
5303813
5303995
5304113
5304180
5304355
5304363
5304381
5304409
5304510
5304556
5304569
5304616
5304668
5304714
5304765
5304900
5305014
5305190
5305205
5305231
5305342
5305391
5305509
5305604
5305627
5305696
5305715
5305733
5305747
5305766
5305782
5305946
5305954
5306033
5306110
5306332
5306360
5306383
5306467
5306561
5306589
5306679
5306702
5306830
5306851
5306919
5306981
5307075
5307139
5307234
5307276
5307359
5307592
5307654
5307930
5307973
5308043
5308095
5308259
5308606
5308629
5308665
5308704
5308805
5308938
5308969
5308974
5309090
5309141
5309269
5309379
5309450
5309611
5309660
5309713
5309908
5310184
5310234
5310245
5310252
5310293
5310440
5310881
5310996
5311147
5311194
5311314
5311365
5311430
5311485
5311557
5311689
5311790
5311822
5311902
5311916
5311968
5312008
5312094
5312138
5312191
5312241
5312375
5312499
5312721
5312750
5312777
5312795
5312827
5312862
5312924
5312936
5313067
5313099
5313131
5313327
5313385
5313415
5313494
5313610
5313642
5313656
5313745
5313752
5313914
5313929
5313941
5313992
5314077
5314132
5314294
5314328
5314419
5314472
5314535
5314567
5314578
5314599
5314805
5314823
5314864
5315018
5315085
5315096
5315176
5315193
5315243
5315555
5315705
5315740
5315764
5315786
5315798
5315841
5315909
5315926
5315944
5316064
5316249
5316251
5316460
5316497
5316556
5316621
5316677
5316753
5316815
5316928
5317048
5317114
5317129
5317242
5317398
5317754
5317780
5317828
5317861
5317893
5317947
5318037
5318124
5318257
5318374
5318434
5318452
5318476
5318489
5318493
5318560
5318575
5318627
5318766
5318802
5318999
5319118
5319196
5319213
5319254
5319302
5319377
5319414
5319429
5319453
5319488
5319655
5319726
5319998
5320021
5320084
5320160
5320183
5320197
5320215
5320259
5320271
5320317
5320407
5320481
5320580
5320599
5320629
5320653
5320718
5320749
5320805
5320831
5320925
5321004
5321335
5321367
5321548
5321563
5321615
5321659
5321666
5321712
5321853
5321870
5321932
5321944
5321958
5322162
5322267
5322316
5322571
5322619
5322709
5322923
5323212
5323374
5323493
5323583
5323627
5323649
5323662
5323673
5323696
5323720
5323733
5323771
5323782
5323802
5323816
5323913
5323922
5323935
5324009
5324168
5324195
5324315
5324464
5324486
5324506
5324553
5324565
5324710
5324742
5324787
5324807
5324863
5325025
5325056
5325182
5325353
5325473
5325540
5325557
5325628
5325748
5325902
5325916
5325921
5326019
5326036
5326081
5326238
5326269
5326323
5326364
5326495
5326585
5326767
5326817
5326915
5327079
5327146
5327180
5327363
5327460
5327525
5327556
5327815
5328001
5328046
5328078
5328080
5328131
5328304
5328521
5328577
5328603
5328776
5328793
5328937
5328988
5329008
5329206
5329214
5329253
5329265
5329375
5329435
5329849
5329851
5329936
5330070
5330155
5330452
5330558
5330649
5330662
5330685
5330877
5330935
5330954
5331008
5331066
5331169
5331605
5331612
5331657
5331664
5331849
5331873
5331955
5332171
5332182
5332209
5332226
5332260
5332353
5332370
5332404
5332430
5332496
5332540
5332557
5332579
5332598
5332617
5332790
5332822
5332880
5332902
5332921
5333051
5333085
5333100
5333189
5333216
5333295
5333335
5333403
5333425
5333507
5333536
5333572
5333694
5333837
5333911
5333958
5334137
5334188
5334291
5334398
5334443
5334504
5334585
5334609
5334611
5334658
5334660
5334683
5334713
5334845
5334920
5334966
5334994
5335013
5335198
5335459
5335610
5335700
5335752
5335761
5335897
5335906
5335988
5336254
5336343
5336437
5336465
5336520
5336619
5336726
5336825
5336842
5337043
5337132
5337197
5337300
5337328
5337352
5337389
5337424
5337448
5337637
5337653
5337727
5337762
5337812
5337840
5337974
5338177
5338234
5338333
5338537
5338588
5338654
5338680
5338836
5338890
5339372
5339390
5339483
5339556
5339587
5339639
5339753
5339815
5339894
5339976
5340056
5340171
5340194
5340329
5340496
5340579
5340598
5340600
5340652
5340707
5340790
5340916
5341019
5341323
5341386
5341402
5341530
5341573
5341644
5341660
5341701
5341767
5341893
5342181
5342325
5342532
5342583
5342597
5342618
5342685
5342794
5342922
5342935
5342946
5343017
5343076
5343246
5343254
5343267
5343280
5343316
5343343
5343384
5343414
5343429
5343533
5343547
5343624
5343732
5343838
5343912
5344015
5344020
5344033
5344059
5344071
5344094
5344270
5344360
5344478
5344552
5344576
5344593
5344698
5344743
5344907
5344919
5344990
5345043
5345109
5345111
5345208
5345294
5345300
5345393
5345472
5345773
5346085
5346128
5346239
5346399
5346608
5347035
5347067
5347078
5347105
5347112
5347179
5347263
5347349
5347420
5347433
5347482
5347521
5347691
5347734
5347761
5347883
5347906
5347937
5347941
5348031
5348079
5348122
5348146
5348154
5348444
5348458
5348475
5348753
5348765
5348788
5348792
5348820
5348993
5349044
5349121
5349228
5349245
5349333
5349405
5349423
5349431
5349646
5349710
5349725
5349738
5349756
5349996
5350045
5350130
5350299
5350302
5350316
5350559
5350571
5350783
5350986
5351143
5351168
5351195
5351261
5351405
5351431
5351541
5351588
5351592
5351613
5351654
5351667
5351836
5351863
5351918
5352084
5352220
5352233
5352393
5352419
5352448
5352546
5352599
5352749
5352823
5352831
5353007
5353063
5353141
5353188
5353225
5353312
5353398
5353644
5353754
5353778
5353852
5353861
5353971
5354027
5354085
5354176
5354221
5354410
5354438
5354507
5354620
5354694
5354723
5354757
5354779
5354909
5355040
5355227
5355458
5355460
5355569
5355639
5355741
5355808
5355866
5355934
5355945
5356092
5356310
5356445
5356452
5356476
5356560
5356604
5356720
5356759
5356802
5356877
5356935
5356946
5357069
5357166
5357564
5357586
5357600
5357628
5357676
5357689
5357801
5357867
5358375
5358480
5358545
5358593
5358605
5358716
5358743
5358750
5358804
5358924
5359001
5359157
5359164
5359236
5359433
5359447
5359516
5359539
5359595
5359638
5359875
5359941
5360055
5360114
5360129
5360242
5360269
5360331
5360357
5360468
5360518
5360562
5360754
5360908
5360920
5361099
5361236
5361248
5361255
5361396
5361433
5361543
5361595
5361610
5361700
5361858
5361970
5362178
5362262
5362336
5362348
5362381
5362426
5362444
5362538
5362753
5362820
5363058
5363184
5363412
5363457
5363486
5363506
5363541
5363588
5363592
5363613
5363635
5363738
5363774
5363807
5363819
5363918
5363949
5363951
5364041
5364070
5364155
5364231
5364417
5364476
5364708
5364771
5364821
5364901
5364980
5365094
5365138
5365169
5365311
5365360
5365446
5365478
5365593
5365623
5365640
5365743
5365784
5365818
5365907
5366016
5366050
5366160
5366490
5366554
5366653
5366910
5366942
5367034
5367052
5367104
5367130
5367151
5367196
5367201
5367350
5367384
5367492
5367582
5367607
5367624
5367655
5367711
5367887
5367979
5368049
5368100
5368176
5368189
5368193
5368243
5368250
5368354
5368507
5368590
5368620
5368926
5368932
5369069
5369171
5369226
5369283
5369388
5369451
5369505
5369564
5369719
5369748
5369772
5369801
5369822
5369835
5369878
5369899
5370202
5370346
5370378
5370425
5370456
5370548
5370659
5370841
5370926
5371023
5371101
5371230
5371336
5371668
5371684
5371917
5371989
5371993
5372078
5372157
5372236
5372396
5372408
5372610
5372625
5372656
5372674
5372687
5372776
5372941
5372988
5373059
5373142
5373237
5373265
5373270
5373309
5373413
5373446
5373528
5373623
5373679
5373849
5373907
5374052
5374201
5374254
5374343
5374350
5374441
5374470
5374515
5374559
5374566
5374582
5374607
5374624
5374648
5374838
5374842
5374891
5374931
5374964
5375116
5375234
5375245
5375394
5375553
5375613
5375819
5375890
5375918
5376108
5376115
5376275
5376329
5376427
5376496
5376652
5376781
5376822
5376854
5376902
5377088
5377190
5377240
5377264
5377342
5377452
5377720
5377895
5377935
5377978
5378090
5378192
5378357
5378551
5378585
5378596
5378701
5378845
5378959
5379077
5379259
5379294
5379352
5379522
5379599
5379688
5379704
5379718
5379751
5379762
5379805
5379864
5379886
5379903
5379938
5380125
5380265
5380309
5380358
5380576
5380664
5380698
5380784
5380936
5380963
5381050
5381208
5381328
5381554
5381567
5381773
5381785
5381956
5381987
5382150
5382261
5382382
5382412
5382423
5382498
5382622
5382703
5382742
5382807
5382836
5382872
5382890
5382949
5382951
5382973
5383023
5383372
5383411
5383497
5383602
5383616
5383621
5383650
5383684
5383894
5383961
5384087
5384091
5384108
5384133
5384171
5384341
5384473
5384485
5384557
5384586
5384600
5384689
5384790
5384813
5384880
5384899
5384902
5385170
5385192
5385225
5385269
5385274
5385305
5385331
5385357
5385504
5385527
5385573
5385611
5385701
5385876
5385933
5385959
5385982
5386248
5386255
5386304
5386603
5386638
5386789
5386793
5386970
5387004
5387051
5387161
5387189
5387193
5387202
5387277
5387456
5387474
5387608
5387682
5387723
5387814
5387841
5387892
5388076
5388093
5388127
5388162
5388185
5388299
5388465
5388470
5388648
5388672
5388711
5388726
5388856
5388979
5389029
5389119
5389124
5389172
5389279
5389325
5389511
5389597
5389627
5389649
5389794
5389802
5389843
5389877
5390023
5390040
5390251
5390355
5390444
5390475
5390497
5390569
5390616
5390928
5391070
5391148
5391298
5391303
5391445
5391558
5391708
5391821
5391895
5392063
5392072
5392141
5392530
5392596
5392701
5392947
5392959
5392994
5393016
5393068
5393111
5393160
5393183
5393233
5393259
5393294
5393361
5393389
5393424
5393501
5393535
5393546
5393629
5393692
5393773
5393812
5394022
5394099
5394198
5394224
5394327
5394349
5394373
5394471
5394625
5394809
5394906
5394953
5395000
5395017
5395089
5395151
5395185
5395267
5395321
5395339
5395437
5395441
5395465
5395492
5395559
5395594
5395709
5395744
5396026
5396075
5396143
5396168
5396177
5396195
5396217
5396394
5396412
5396464
5396553
5396678
5396680
5396872
5396949
5396996
5397156
5397174
5397253
5397270
5397358
5397478
5397534
5397631
5397640
5397702
5397721
5397885
5397990
5398003
5398038
5398133
5398232
5398244
5398275
5398392
5398451
5398540
5398707
5398755
5398854
5399018
5399049
5399051
5399062
5399085
5399134
5399216
5399243
5399403
5399410
5399456
5399469
5399507
5399555
5399608
5399757
5399764
5399786
5399892
5399932
5399958
5399975
5300272
5300992
5301783
5302694
5303069
5303232
5303512
5303564
5303939
5304098
5304820
5304866
5304871
5305006
5305070
5305461
5306229
5306375
5307289
5307498
5307613
5307710
5307791
5307962
5308084
5308126
5308424
5308831
5309019
5309585
5309722
5310026
5310985
5311087
5311388
5311661
5311676
5311943
5311977
5312446
5312664
5312849
5312873
5313349
5313396
5313844
5314043
5314126
5314197
5314898
5315216
5315682
5316227
5317192
5317274
5317287
5317611
5317933
5318526
5318685
5318708
5319130
5319162
5319222
5319384
5319465
5319571
5319709
5319825
5319979
5320109
5320247
5320300
5320424
5320554
5320974
5320987
5321519
5321581
5322280
5322414
5322441
5323107
5323231
5323387
5323526
5323597
5323999
5324026
5324872
5324985
5325314
5325523
5325579
5326386
5326746
5327542
5327643
5328263
5328373
5329138
5329191
5329288
5329422
5329517
5330400
5330489
5330708
5330720
5330771
5331059
5331332
5331721
5332297
5332763
5332899
5333202
5333438
5333456
5333983
5334036
5334153
5334746
5334778
5335001
5335046
5335080
5335157
5335327
5335482
5336045
5336350
5336533
5336571
5336672
5336940
5336964
5337077
5337084
5337208
5337361
5337578
5337580
5338440
5338863
5338918
5339154
5339180
5339218
5340337
5340781
5341024
5341364
5342006
5342092
5342136
5342223
5342400
5342802
5343000
5343173
5343368
5343377
5344174
5344288
5344401
5344454
5344480
5344804
5345259
5345282
5345334
5345389
5345490
5345730
5346853
5346983
5347248
5347717
5347844
5347858
5348204
5349622
5349904
5350185
5350222
5350760
5350803
5351026
5351293
5351366
5351570
5352974
5353291
5353421
5353596
5353746
5353767
5353994
5354284
5354425
5354442
5354524
5354659
5355249
5355574
5355677
5355976
5357010
5357147
5357899
5358082
5358561
5359035
5359112
5359318
5359351
5359550
5359674
5360876
5361415
5361625
5362602
5362668
5363382
5363791
5363836
5363985
5364223
5364583
5364733
5364877
5364895
5365237
5365589
5365896
5366233
5366580
5366599
5366762
5366969
5368806
5369194
5369365
5369867
5369939
5370189
5370268
5370474
5370712
5370723
5370779
5371587
5371952
5372099
5372897
5373702
5374151
5374185
5374316
5374681
5374709
5374732
5375592
5376010
5377286
5377338
5377868
5378165
5378242
5378746
5378780
5378800
5378893
5379160
5379637
5379987
5380750
5381938
5382075
5382320
5382667
5383460
5383741
5384056
5384226
5384634
5385165
5385287
5386123
5386988
5387335
5387633
5388089
5388803
5390079
5390770
5391041
5391434
5391509
5391618
5391766
5392238
5392504
5392675
5392834
5393300
5393490
5393554
5393969
5394255
5394965
5395061
5395648
5396252
5396366
5397015
5397454
5397467
5397777
5397948
5398329
5398531
5398763
5399563
5399590
5399841
