4900034
4900196
4900222
4900254
4900316
4900406
4900571
4900594
4900655
4900672
4900681
4900887
4900891
4900986
4901026
4901320
4901431
4901529
4901703
4901904
4902068
4902111
4902247
4902266
4902328
4902407
4902436
4902554
4902629
4902641
4902812
4902857
4902987
4903081
4903192
4903225
4903331
4903340
4903416
4903549
4903658
4903713
4903861
4903933
4903959
4904004
4904027
4904100
4904250
4904284
4904380
4904590
4904615
4904814
4904865
4904932
4905086
4905135
4905154
4905218
4905285
4905372
4905411
4905460
4905639
4905677
4905753
4906053
4906136
4906163
4906212
4906231
4906445
4906560
4906868
4907074
4907120
4907232
4907598
4907617
4907652
4907676
4907693
4907801
4907880
4907950
4908033
4908066
4908288
4908401
4908605
4908907
4908972
4908981
4909362
4909539
4909687
4909875
4910209
4910260
4910283
4910557
4910939
4910950
4910995
4911090
4911141
4911340
4911364
4911386
4911421
4911468
4911780
4911893
4911959
4912088
4912163
4912181
4912452
4912509
4912532
4912649
4912733
4912843
4912901
4912954
4913089
4913093
4913151
4913235
4913406
4913414
4913488
4913520
4913566
4913648
4913856
4913869
4913905
4913940
4913957
4914020
4914169
4914191
4914237
4914241
4914270
4914360
4914589
4914804
4914849
4914907
4915068
4915109
4915111
4915345
4915407
4915436
4915455
4915578
4915670
4915688
4915898
4915925
4915938
4916027
4916202
4916284
4916354
4916425
4916712
4916806
4916997
4917022
4917080
4917112
4917179
4917219
4917272
4917396
4917471
4917521
4917543
4917717
4917875
4917941
4918251
4918390
4918503
4918538
4918706
4919168
4919289
4919315
4919431
4919440
4919613
4919703
4919836
4919927
4920138
4920214
4920241
4920253
4920309
4920401
4920480
4920698
4920851
4920907
4921068
4921197
4921407
4921501
4921751
4922431
4922440
4922537
4922541
4922570
4922904
4922973
4923135
4923348
4923458
4923525
4923556
4923574
4923602
4923737
4923820
4923952
4923961
4924211
4924226
4924275
4924628
4924634
4924645
4924801
4924835
4925416
4925439
4925504
4925626
4925701
4925852
4926186
4926198
4926207
4926281
4926330
4926373
4926789
4926826
4926953
4927004
4927030
4927051
4927399
4927425
4927469
4927491
4927519
4927563
4927590
4927682
4927975
4927983
4928089
4928093
4928201
4928213
4928302
4928316
4928384
4928619
4928931
4929070
4929298
4929604
4929618
4929696
4929733
4929759
4929821
4929843
4930180
4930249
4930363
4930372
4930475
4930765
4930788
4930808
4930859
4930894
4930934
4931205
4931240
4931417
4931461
4931476
4931544
4931766
4931922
4932019
4932090
4932484
4932644
4932683
4932817
4932828
4932845
4932947
4933197
4933271
4933436
4933455
4933472
4933501
4933535
4933653
4933730
4933785
4933969
4934198
4934236
4934327
4934447
4934502
4934550
4934610
4934669
4934728
4934734
4934875
4934937
4935127
4935343
4935566
4935663
4935998
4936058
4936347
4936412
4936440
4936514
4936646
4936699
4936927
4936951
4937138
4937206
4937237
4937517
4937561
4937576
4937631
4937679
4937827
4937862
4938042
4938260
4938329
4938449
4938451
4938505
4938600
4938724
4938835
4938921
4938977
4939004
4939027
4939117
4939313
4939354
4939378
4939425
4939487
4939563
4939620
4939666
4939786
4939975
4940242
4940331
4940439
4940477
4940484
4940611
4940799
4940861
4940876
4940933
4941046
4941067
4941219
4941248
4941255
4941577
4941776
4941789
4941906
4941953
4941988
4942023
4942079
4942122
4942180
4942262
4942639
4942847
4942871
4942900
4942945
4943032
4943083
4943150
4943405
4943423
4943479
4943514
4943646
4943703
4943807
4943872
4943949
4944155
4944190
4944205
4944298
4944325
4944511
4944630
4944662
4944733
4944782
4944843
4944954
4945241
4945253
4945383
4945631
4945679
4945862
4945919
4946352
4946361
4946389
4946419
4946535
4946730
4946823
4946942
4947017
4947076
4947151
4947235
4947384
4947414
4947571
4947732
4947758
4947760
4947891
4948354
4948487
4948705
4948909
4948960
4949010
4949091
4949244
4949329
4949404
4949557
4949652
4949921
4950177
4950382
4950464
4950498
4950553
4950881
4950918
4951038
4951042
4951337
4951451
4951496
4951579
4951652
4951755
4951763
4951772
4951880
4951921
4951950
4951977
4952156
4952191
4952241
4952422
4952686
4952739
4952818
4953255
4953318
4953568
4953638
4953761
4953776
4953809
4953992
4954215
4954220
4954271
4954352
4954419
4954910
4955018
4955438
4955786
4955829
4955958
4956012
4956336
4956497
4956587
4956639
4956643
4956833
4957114
4957153
4957210
4957660
4957746
4957845
4957915
4958070
4958124
4958231
4958387
4958417
4958489
4958544
4958651
4958662
4958771
4958884
4958895
4959118
4959151
4959280
4959339
4959343
4959350
4959368
4959533
4959547
4959571
4959663
4959810
4959905
4960080
4960112
4960157
4960198
4960248
4960255
4960318
4960327
4960373
4960466
4960610
4960674
4960811
4960832
4960941
4960965
4960988
4961299
4961406
4961414
4961619
4961758
4961891
4962117
4962216
4962313
4962346
4962403
4962425
4962666
4962806
4962853
4963598
4963736
4963772
4963984
4964079
4964218
4964390
4964525
4964695
4964788
4964833
4964900
4964934
4964945
4964961
4965014
4965065
4965070
4965279
4965298
4965325
4965369
4965509
4965532
4965604
4965662
4966047
4966174
4966206
4966528
4966534
4966623
4966657
4966698
4966972
4967009
4967252
4967320
4967333
4967667
4967725
4967824
4967863
4968043
4968050
4968084
4968233
4968522
4968665
4968692
4968704
4968773
4969081
4969090
4969114
4969165
4969242
4969416
4969658
4969834
4970039
4970050
4970095
4970158
4970160
4970197
4970247
4970282
4970448
4970490
4970688
4970749
4970785
4970886
4971051
4971096
4971189
4971354
4971399
4971870
4971892
4971960
4972267
4972429
4972453
4972488
4972810
4972838
4973257
4973264
4973489
4973511
4973558
4973630
4973662
4973685
4973766
4973877
4973946
4973954
4973980
4974032
4974044
4974121
4974195
4974276
4974457
4974541
4974667
4974855
4975042
4975056
4975226
4975232
4975244
4975365
4975600
4975676
4975763
4975772
4975880
4975921
4976063
4976129
4976141
4976596
4976722
4977180
4977503
4977591
4977714
4977753
4977945
4977961
4978013
4978140
4978318
4978482
4978700
4978717
4978811
4979008
4979047
4979059
4979094
4979138
4979142
4979237
4979288
4979375
4979721
4979750
4979862
4979924
4979963
4980029
4980037
4980092
4980223
4980264
4980509
4980526
4980649
4980651
4980877
4980935
4980978
4981174
4981191
4981446
4981545
4981657
4981664
4981777
4981948
4982010
4982025
4982074
4982147
4982258
4982329
4982337
4982505
4982531
4982564
4982676
4983018
4983128
4983176
4983216
4983301
4983346
4983410
4983608
4983705
4983764
4984090
4984153
4984398
4984660
4984746
4985013
4985112
4985408
4985459
4985482
4985577
4985745
4985761
4985826
4986173
4986339
4986515
4986559
4986648
4986810
4986998
4987068
4987220
4987266
4987567
4987637
4987641
4987727
4987823
4987879
4987942
4987987
4987991
4988032
4988058
4988121
4988195
4988234
4988320
4988405
4988479
4988570
4988592
4988635
4988680
4988738
4988756
4988819
4988930
4988973
4988996
4989005
4989086
4989348
4989355
4989538
4989556
4989792
4989808
4989945
4990030
4990202
4990216
4990487
4990491
4990647
4990659
4990705
4990837
4990975
4991005
4991012
4991227
4991296
4991426
4991497
4991556
4991695
4991894
4991952
4992001
4992054
4992433
4992466
4992521
4992577
4993033
4993103
4993142
4993229
4993265
4993270
4993454
4993467
4993528
4993545
4993593
4993804
4993896
4993924
4993990
4994149
4994201
4994246
4994437
4994453
4994566
4994681
4994979
4995217
4995261
4995405
4995654
4995680
4995738
4995918
4996069
4996226
4996275
4996341
4996449
4996586
4996617
4996801
4996813
4996921
4996977
4997155
4997264
4997374
4997387
4997434
4997489
4997597
4997630
4997662
4997821
4998024
4998106
4998192
4998596
4998876
4998971
4999068
4999300
4999436
4999614
4999812
4999879
