5900122
5900296
5900409
5900475
5900542
5900684
5900753
5900945
5901374
5901476
5901662
5901708
5901759
5901877
5901922
5902072
5902274
5902364
5902551
5902632
5902861
5903271
5903490
5903614
5903629
5903751
5903796
5903840
5903864
5903938
5904131
5904186
5904385
5904433
5904539
5904642
5904691
5904776
5904789
5905034
5905104
5905118
5905246
5905368
5905377
5905406
5905414
5905566
5905681
5905690
5905760
5905887
5906097
5906139
5906168
5906308
5906333
5906382
5906457
5906486
5906622
5906635
5906738
5906742
5906774
5907008
5907265
5907288
5907358
5907401
5907623
5907739
5907885
5907972
5908010
5908232
5908341
5908449
5908628
5908634
5909128
5909193
5909268
5909442
5909548
5909563
5909671
5909814
5909837
5909944
5909958
5909975
5909983
5910008
5910191
5910383
5910454
5910467
5910743
5910849
5910907
5910919
5911002
5911077
5911220
5911448
5911522
5911665
5911692
5911718
5912032
5912195
5912293
5912394
5912529
5912537
5912699
5912710
5912855
5912872
5912918
5912930
5913064
5913135
5913178
5913381
5913444
5913616
5913621
5913770
5913989
5914074
5914194
5914306
5914462
5914598
5914822
5915019
5915055
5915165
5915416
5915468
5915632
5915658
5915780
5915889
5915893
5916099
5916318
5916420
5916466
5916625
5916687
5916691
5916809
5916953
5917027
5917202
5917250
5917346
5917425
5917456
5917469
5917474
5917633
5917682
5917814
5917926
5917975
5918052
5918151
5918441
5918453
5918825
5918891
5918964
5919303
5919338
5919509
5919733
5919935
5920091
5920166
5920258
5920306
5920337
5920540
5920564
5920867
5920878
5920977
5921019
5921055
5921153
5921398
5921504
5921549
5921722
5921959
5921994
5922053
5922452
5922489
5922649
5922747
5922913
5923045
5923076
5923235
5923470
5923492
5923891
5924015
5924110
5924309
5924311
5924631
5924702
5924750
5924827
5924936
5925376
5925436
5925463
5925522
5925718
5925805
5926062
5926193
5926295
5926313
5926403
5926633
5926671
5926705
5926853
5926911
5926960
5926975
5926983
5927112
5927131
5927164
5927248
5927466
5927687
5927793
5927809
5927811
5928005
5928064
5928122
5928204
5928348
5928363
5928381
5928684
5928770
5928833
5928871
5928993
5929060
5929252
5929261
5929412
5929541
5929613
5929949
5930028
5930076
5930118
5930173
5930441
5930465
5930515
5930520
5930891
5930923
5931592
5931601
5931738
5931881
5931949
5931951
5932077
5932084
5932175
5932183
5932208
5932220
5932300
5932546
5932567
5932580
5933007
5933129
5933203
5933225
5933416
5933421
5933443
5933549
5933562
5933754
5933767
5933852
5933889
5933994
5934049
5934277
5934378
5934615
5934712
5934757
5934911
5935023
5935154
5935230
5935355
5935621
5935765
5935894
5935900
5936029
5936088
5936155
5936264
5936374
5936597
5936877
5936999
5937087
5937147
5937232
5937283
5937314
5937337
5937392
5937418
5937902
5937984
5938033
5938332
5938360
5938422
5938478
5938631
5938827
5938919
5938936
5939022
5939080
5939099
5939248
5939272
5939281
5939832
5939883
5939937
5940376
5940407
5940490
5940704
5940823
5940831
5940879
5940987
5941239
5941301
5941491
5941888
5941944
5942149
5942368
5942406
5942465
5942559
5942726
5942856
5942905
5943053
5943212
5943286
5943356
5943696
5943708
5943782
5943794
5943967
5944102
5944217
5944541
5944588
5944699
5944710
5944819
5945025
5945194
5945209
5945258
5945392
5945451
5945512
5945531
5945598
5945645
5945661
5945724
5945801
5945854
5945880
5946090
5946225
5946291
5946323
5946416
5946421
5946609
5946889
5946933
5947178
5947230
5947273
5947319
5947336
5947602
5947677
5947765
5947882
5947917
5947961
5948112
5948207
5948396
5948415
5949142
5949309
5949311
5949721
5949750
5949990
5950014
5950070
5950107
5950231
5950342
5950630
5950720
5950733
5950782
5950821
5950877
5950922
5951125
5951138
5951156
5951229
5951332
5951344
5951480
5951561
5951589
5951623
5951657
5951750
5951784
5951936
5952329
5952341
5952598
5952689
5952867
5953073
5953096
5953134
5953268
5953438
5953519
5953590
5953633
5953731
5953740
5953837
5953926
5953983
5954238
5954386
5954439
5954443
5954504
5954609
5954632
5954893
5954971
5955001
5955078
5955255
5955281
5955420
5955433
5955568
5955595
5955728
5955776
5955809
5955844
5955953
5956034
5956118
5956127
5956453
5956488
5956515
5956533
5956655
5956758
5956842
5956931
5957068
5957095
5957109
5957175
5957208
5957455
5957501
5957513
5957688
5957730
5957749
5957910
5957925
5957974
5957987
5958011
5958097
5958116
5958261
5958320
5958359
5958703
5958756
5958787
5958824
5958904
5959012
5959178
5959336
5959525
5959556
5959591
5959677
5959833
5960027
5960221
5960410
5960507
5960633
5960723
5960798
5961040
5961218
5961390
5961497
5961503
5961871
5962186
5962281
5962642
5962700
5962789
5962897
5962941
5963020
5963326
5963422
5963517
5963612
5963750
5963768
5963896
5963919
5964127
5964196
5964350
5964414
5964470
5964547
5964571
5964797
5964931
5964964
5965011
5965026
5965097
5965184
5965217
5965234
5965371
5965486
5965537
5965654
5965774
5965949
5965951
5966042
5966329
5966341
5966462
5966540
5966586
5966617
5966707
5966813
5967092
5967107
5967136
5967155
5967205
5967223
5967231
5967387
5967476
5967509
5967673
5968398
5968596
5968828
5969215
5969317
5969554
5969796
5969831
5969942
5969956
5969987
5970203
5970364
5970402
5970626
5970632
5970735
5970746
5970828
5970982
5971078
5971131
5971164
5971179
5971385
5971494
5971539
5971584
5971941
5971953
5972040
5972355
5972381
5972444
5972602
5972650
5972677
5972770
5972820
5972866
5972871
5973044
5973184
5973359
5973440
5973457
5973588
5973654
5973667
5973703
5973710
5973855
5973927
5974190
5974212
5974231
5974310
5974342
5974511
5974532
5974771
5974794
5974868
5974935
5975015
5975214
5975229
5975265
5975344
5975422
5975478
5975612
5975631
5975873
5975885
5975955
5976109
5976126
5976183
5976208
5976233
5976259
5976665
5976670
5976692
5976749
5976773
5976840
5976974
5977130
5977235
5977321
5977368
5977377
5977515
5977655
5977709
5977726
5977940
5977979
5978100
5978161
5978268
5978367
5978608
5978647
5978694
5978723
5978779
5978829
5978865
5979003
5979025
5979056
5979211
5979275
5979418
5979473
5979719
5979943
5980058
5980320
5980622
5980949
5981232
5981341
5981392
5981427
5981451
5981462
5981763
5981772
5981801
5982169
5982237
5982292
5982422
5982478
5982743
5983123
5983186
5983248
5983351
5983568
5983638
5983700
5983811
5983929
5983941
5983965
5984215
5984282
5984345
5984361
5984436
5984481
5985536
5985590
5985633
5985671
5985705
5985888
5986057
5986135
5986167
5986319
5986475
5986574
5986616
5986765
5986989
5987055
5987210
5987450
5987644
5987675
5987767
5987982
5988119
5988231
5988310
5988325
5988509
5988627
5988747
5988766
5988843
5988935
5988980
5989045
5989130
5989173
5989267
5989377
5989406
5989488
5989655
5989726
5989923
5989940
5990123
5990236
5990255
5990304
5990373
5990415
5990521
5990883
5990941
5991076
5991196
5991321
5991465
5991470
5991690
5991856
5991923
5991964
5992027
5992085
5992161
5992548
5992671
5992911
5993194
5993211
5993226
5993337
5993634
5993676
5993790
5993943
5994411
5994483
5994510
5994621
5994668
5994677
5994788
5995006
5995257
5995298
5995782
5995884
5995901
5995913
5996020
5996169
5996187
5996214
5996237
5996288
5996552
5996576
5997009
5997121
5997276
5997405
5997565
5997570
5997654
5997678
5997703
5997756
5997949
5998016
5998095
5998282
5998599
5998857
5998910
5998956
5999055
5999269
5999274
5999364
5999439
5999450
5999484
5999504
5999527
5999549
5999609
5999697
5999876
5999889
