1400395
1400406
1400453
1400547
1400655
1400681
1400838
1400842
1401083
1401195
1401217
1401276
1401347
1401457
1401486
1401592
1401881
1401927
1401973
1401996
1402039
1402208
1402266
1402361
1402942
1403153
1403386
1403421
1403450
1403477
1403484
1403626
1403778
1403845
1404161
1404284
1404403
1404519
1404563
1404829
1404997
1405079
1405307
1405432
1405621
1406037
1406264
1406310
1406325
1406434
1406532
1406560
1406662
1406673
1406696
1406868
1406901
1406935
1406954
1406978
1406980
1407056
1407115
1407275
1407404
1407418
1407652
1408059
1408138
1408360
1408422
1408467
1408576
1408631
1408818
1408827
1408885
1408981
1409035
1409054
1409112
1409131
1409236
1409826
1409988
1410133
1410159
1410166
1410232
1410275
1410449
1410540
1410878
1411129
1411192
1411439
1411468
1411596
1411697
1411713
1411767
1411947
1412065
1412231
1412387
1412884
1412967
1412980
1412999
1413149
1413185
1413343
1413350
1413559
1413636
1413690
1413783
1413940
1413964
1414110
1414142
1414174
1414612
1414623
1414664
1414679
1415068
1415084
1415233
1415317
1415393
1415448
1415554
1415567
1415785
1415805
1415831
1415840
1416243
1416284
1416399
1416507
1416581
1416705
1416712
1416723
1416926
1417362
1417447
1417717
1417875
1417914
1417953
1417992
1418064
1418230
1418285
1418432
1418458
1418668
1418961
1419431
1419440
1419514
1419699
1419904
1419918
1419973
1420015
1420237
1420344
1420375
1420401
1420413
1420528
1420612
1420631
1420664
1420686
1420739
1420768
1420777
1421215
1421334
1421823
1421969
1422032
1422308
1422382
1422601
1422738
1422872
1422949
1423079
1423135
1423178
1423319
1423336
1423483
1423616
1423808
1423820
1423894
1424087
1424120
1424209
1424462
1424505
1424600
1424880
1425192
1425210
1425364
1425443
1425477
1425735
1425889
1425920
1425947
1426046
1426207
1426224
1426447
1426595
1426691
1426929
1427301
1427313
1427335
1427346
1427438
1427469
1427507
1427615
1427705
1427764
1427814
1428093
1428213
1428732
1428940
1428998
1429070
1429088
1429092
1429310
1429369
1429575
1429618
1429651
1429715
1429794
1429884
1430064
1430113
1430154
1430336
1430381
1430411
1430737
1430792
1430989
1431037
1431231
1431298
1431387
1431400
1431452
1431489
1431662
1431720
1431771
1431895
1431980
1432192
1432305
1432379
1432443
1432495
1432518
1432530
1432562
1432626
1432800
1432834
1432947
1432994
1433016
1433175
1433282
1433352
1433361
1433376
1433567
1433578
1433942
1433956
1433974
1433987
1434001
1434219
1434584
1434789
1434906
1434953
1434992
1435377
1435395
1435437
1435607
1435619
1435758
1435797
1435825
1436011
1436102
1436121
1436289
1436293
1436315
1436412
1436431
1436506
1436537
1436565
1436710
1436807
1436848
1436904
1436918
1436996
1437110
1437156
1437237
1437552
1437605
1437612
1437849
1438091
1438159
1438194
1438232
1438244
1438531
1438564
1438600
1438645
1438755
1438835
1439073
1439442
1439474
1439491
1439682
1440063
1440242
1440256
1440323
1440562
1440799
1440834
1440845
1440971
1441099
1441396
1441447
1441494
1441502
1441603
1441610
1441745
1441793
1442040
1442432
1442569
1442591
1442695
1442741
1442770
1442993
1443026
1443228
1443592
1443791
1443863
1443996
1444065
1444303
1444434
1444526
1444747
1444850
1444913
1445047
1445326
1445552
1445561
1445795
1446002
1446043
1446109
1446233
1446271
1446345
1446554
1446578
1447093
1447302
1447343
1447441
1447709
1447758
1448004
1448085
1448243
1448284
1448322
1448378
1448403
1448456
1448487
1448911
1449003
1449091
1449211
1449260
1449365
1449370
1449586
1449763
1449813
1449939
1450075
1450097
1450102
1450200
1450252
1450276
1450479
1450506
1450514
1450592
1450646
1450654
1450774
1450918
1450973
1451297
1451314
1451392
1451427
1451899
1452082
1452103
1452206
1452332
1452375
1452480
1452605
1452739
1452750
1452963
1453105
1453198
1453330
1453433
1453776
1453826
1453906
1454220
1454376
1454455
1454463
1454554
1454629
1454670
1454812
1454857
1454898
1454903
1454925
1454942
1455051
1455100
1455277
1455313
1455442
1455548
1455731
1455806
1456101
1456113
1456154
1456199
1456218
1456444
1456458
1456792
1456833
1456894
1456961
1456976
1457165
1457291
1457585
1457658
1457735
1457800
1457994
1458172
1458181
1458190
1458257
1458452
1458493
1458733
1458759
1458901
1459299
1459343
1459465
1459690
1459709
1459744
1459758
1459810
1460001
1460035
1460078
1460080
1460224
1460281
1460595
1460669
1460728
1460844
1460858
1460883
1460897
1461028
1461061
1461076
1461104
1461280
1461339
1461368
1461559
1461775
1462018
1462062
1462117
1462221
1462548
1462572
1462814
1462865
1462983
1463211
1463427
1463661
1463693
1463719
1463867
1464199
1464285
1464307
1464324
1464426
1464556
1464882
1464993
1465325
1465369
1465461
1465685
1465766
1465850
1465946
1466059
1466358
1466499
1466552
1466576
1466739
1466936
1467200
1467382
1467405
1467498
1467529
1467541
1467601
1467699
1467863
1467930
1468077
1468095
1468247
1468407
1468805
1469024
1469055
1469170
1469203
1469495
1469504
1469683
1469713
1469735
1469908
1470158
1470247
1470522
1470580
1471062
1471335
1471442
1471524
1471712
1471779
1471814
1471926
1471997
1472034
1472127
1472196
1472246
1472280
1472681
1472711
1472726
1472874
1472923
1473014
1473148
1473279
1473391
1473428
1473445
1473493
1473627
1473651
1473747
1473821
1473978
1474044
1474168
1474217
1474261
1474565
1474613
1474667
1474756
1474807
1474848
1474890
1474962
1474996
1475010
1475120
1475283
1475314
1475370
1475430
1475449
1475557
1475598
1475719
1476203
1476256
1476439
1476573
1476701
1476722
1476778
1476780
1476889
1477098
1477113
1477178
1477307
1477319
1477587
1477602
1477770
1477882
1477894
1477993
1478112
1478362
1478809
1478832
1478897
1478965
1479066
1479191
1479517
1479605
1479623
1479768
1479777
1479804
1479851
1479955
1480124
1480391
1480400
1480816
1481059
1481326
1481358
1481605
1481830
1481873
1482025
1482069
1482108
1482120
1482211
1482275
1482652
1482968
1483152
1483250
1483491
1483779
1483814
1483841
1484170
1484287
1484611
1484746
1484828
1484845
1484876
1484915
1484966
1485078
1485099
1485105
1485112
1485140
1485219
1485330
1485471
1485502
1485539
1486061
1486130
1486149
1486339
1486368
1486488
1486515
1486547
1486566
1486672
1486726
1486905
1487077
1487126
1487259
1487389
1487857
1487956
1487987
1488139
1488150
1488195
1488382
1488514
1488529
1488613
1488703
1488725
1488881
1489227
1489251
1489296
1489319
1489381
1489409
1489458
1489510
1489741
1489765
1489976
1489989
1490062
1490507
1490524
1490548
1490581
1490870
1491113
1491122
1491180
1491262
1491426
1491542
1491993
1492157
1492281
1492290
1492638
1492728
1492832
1493033
1493071
1493082
1493446
1493552
1493623
1493919
1493955
1494127
1494196
1494488
1494515
1494619
1494672
1494732
1494758
1494856
1495009
1495139
1495234
1495359
1495457
1495601
1495680
1495836
1495848
1496159
1496232
1496689
1496801
1496813
1496878
1496880
1496977
1497148
1497205
1497310
1497532
1497604
1497627
1497747
1497802
1497901
1498225
1498305
1498357
1498402
1498477
1498632
1498799
1499111
1499220
1499448
1499522
1499762
1499886
