3804106
3806118
3806278
3810016
3810938
3813583
3819401
3819851
3822804
3823164
3824077
3824126
3829465
3834668
3839340
3845168
3845293
3846025
3849111
3849215
3853591
3855203
3855439
3855697
3857666
3859696
3862889
3864385
3866951
3867156
3868329
3870772
3872163
3873162
3873559
3873571
3874873
3877988
3882751
3886630
3887087
3887449
3887634
3890722
3892079
3892113
3893725
3895795
3895804
3896436
3896472
3897280
3897726
3898469
3899159
3800006
3800041
3800119
3800181
3800223
3800310
3800338
3800391
3800400
3800489
3800850
3800868
3800884
3800922
3801059
3801071
3801169
3801237
3801375
3801401
3801528
3801552
3801589
3801716
3801743
3801851
3801885
3802003
3802211
3802226
3802370
3802388
3802449
3802451
3802598
3802661
3802813
3802995
3803085
3803202
3803221
3803239
3803250
3803295
3803322
3803335
3803548
3803647
3803694
3803786
3803814
3803829
3803837
3803841
3803870
3803888
3803911
3804024
3804287
3804323
3804386
3804421
3804439
3804530
3804626
3804632
3804735
3804876
3804959
3805022
3805046
3805105
3805131
3805351
3805408
3805459
3805550
3805568
3805717
3805745
3805752
3805776
3805844
3805883
3805970
3806299
3806384
3806441
3806470
3806533
3806607
3806869
3806940
3807043
3807084
3807158
3807197
3807233
3807259
3807361
3807389
3807472
3807606
3807614
3807641
3807938
3807956
3807969
3808009
3808097
3808347
3808412
3808423
3808529
3808680
3808742
3808848
3808930
3808949
3809012
3809023
3809086
3809113
3809204
3809355
3809538
3809900
3810039
3810084
3810328
3810345
3810419
3810436
3810481
3810501
3810522
3810554
3810629
3810641
3810823
3811117
3811161
3811193
3811403
3811425
3811438
3811536
3811581
3811682
3811853
3811888
3811892
3812017
3812034
3812118
3812235
3812316
3812429
3812515
3812571
3812636
3812672
3812681
3812726
3812810
3812887
3812912
3813006
3813014
3813155
3813257
3813356
3813560
3814026
3814060
3814083
3814097
3814184
3814308
3814333
3814654
3814756
3814962
3815003
3815166
3815182
3815209
3815283
3815404
3815451
3815462
3815523
3815600
3815628
3815763
3815835
3815880
3815921
3815943
3815995
3816024
3816323
3816357
3816379
3816416
3816443
3816450
3816609
3816660
3816675
3816889
3816915
3816994
3817086
3817122
3817319
3817348
3817458
3817525
3817542
3817569
3817602
3817639
3817677
3817714
3817788
3817945
3817976
3818022
3818263
3818351
3818502
3818516
3818752
3818789
3818914
3818941
3819110
3819206
3819229
3819332
3819358
3819422
3819593
3819640
3819686
3819849
3819924
3820058
3820168
3820200
3820315
3820359
3820366
3820457
3820479
3820498
3820654
3820678
3820742
3820904
3821211
3821244
3821523
3821645
3821676
3821835
3821846
3821899
3821977
3822309
3822344
3822397
3822589
3822605
3822679
3822716
3822849
3822896
3823035
3823067
3823099
3823112
3823157
3823207
3823327
3823385
3823420
3823433
3823610
3823656
3823687
3823761
3823914
3824039
3824144
3824175
3824220
3824259
3824334
3824352
3824490
3824522
3824567
3824580
3824692
3824762
3824840
3824857
3825117
3825128
3825250
3825295
3825301
3825354
3825705
3825786
3825911
3826005
3826146
3826204
3826307
3826409
3826426
3826871
3826882
3826928
3826934
3826961
3827024
3827141
3827192
3827269
3827291
3827402
3827421
3827484
3827562
3827573
3827585
3827722
3827746
3827780
3827828
3827920
3827994
3828231
3828240
3828597
3828696
3828715
3828759
3828782
3828839
3828868
3829045
3829061
3829162
3829235
3829316
3829339
3829429
3829441
3829492
3829508
3829515
3829624
3829810
3829842
3829891
3829979
3830080
3830123
3830164
3830186
3830207
3830236
3830272
3830281
3830330
3830351
3830656
3830674
3830793
3830883
3830897
3831093
3831267
3831299
3831302
3831339
3831441
3831453
3831515
3831566
3831726
3831797
3831964
3832049
3832085
3832161
3832239
3832378
3832442
3832469
3832590
3832666
3832671
3832837
3832853
3833010
3833069
3833087
3833182
3833244
3833337
3833404
3833600
3833617
3833645
3833790
3833813
3833943
3833984
3834031
3834057
3834113
3834227
3834273
3834409
3834411
3834475
3834503
3834510
3834587
3834591
3834737
3834847
3834928
3834989
3834993
3835231
3835369
3835374
3835400
3835489
3835560
3835583
3835597
3835843
3835901
3835999
3836059
3836110
3836125
3836142
3836191
3836241
3836292
3836467
3836640
3836702
3836784
3836830
3836896
3837234
3837245
3837289
3837423
3837464
3837486
3837541
3837553
3837654
3837725
3837738
3837774
3837824
3837836
3837848
3837863
3837927
3838016
3838111
3838144
3838160
3838175
3838220
3838259
3838294
3838376
3838419
3838448
3838599
3838751
3838942
3839072
3839416
3839421
3839518
3839609
3839611
3839697
3839701
3839735
3839800
3839817
3839915
3840004
3840027
3840073
3840085
3840239
3840322
3840442
3840491
3840633
3840647
3840659
3840740
3840841
3840853
3841064
3841122
3841154
3841390
3841411
3841458
3841503
3841538
3841808
3841833
3841859
3841934
3841961
3842054
3842131
3842290
3842349
3842482
3842516
3842595
3842674
3842992
3843015
3843082
3843156
3843169
3843214
3843311
3843454
3843467
3843478
3843499
3843500
3843576
3843743
3843818
3843851
3843907
3843919
3844130
3844280
3844437
3844453
3844732
3844797
3844923
3844940
3844964
3845044
3845121
3845177
3845394
3845464
3845537
3845872
3845881
3845890
3845951
3846211
3846306
3846418
3846430
3846449
3846473
3846579
3846617
3846755
3846846
3846899
3847053
3847070
3847155
3847286
3847445
3847461
3847511
3847560
3847662
3847673
3847733
3847747
3847782
3847922
3847946
3847967
3848072
3848153
3848468
3848477
3848527
3848530
3848549
3848660
3848713
3848959
3848994
3849068
3849334
3849361
3849424
3849436
3849501
3849554
3849599
3849692
3849840
3849942
3849987
3850020
3850071
3850082
3850103
3850237
3850265
3850478
3850500
3850739
3850795
3851266
3851294
3851300
3851317
3851352
3851407
3851424
3851490
3851501
3851535
3851629
3851641
3851704
3851857
3851925
3851987
3852026
3852032
3852044
3852217
3852347
3852412
3852479
3852529
3852565
3852592
3852601
3852725
3852787
3852863
3853180
3853227
3853444
3853460
3853475
3853525
3853538
3853616
3853639
3853668
3853684
3853815
3853952
3854038
3854108
3854182
3854258
3854314
3854634
3854652
3854772
3854854
3854902
3854939
3855072
3855090
3855137
3855291
3855416
3855573
3855609
3855611
3855658
3855800
3855828
3856054
3856140
3856290
3856494
3856595
3856937
3856965
3856970
3857096
3857202
3857354
3857378
3857403
3857456
3857536
3857572
3857723
3857853
3857870
3857892
3858045
3858093
3858246
3858280
3858437
3858492
3858566
3858655
3858663
3858672
3858744
3858758
3858797
3858825
3858923
3859037
3859070
3859124
3859298
3859303
3859387
3859662
3859720
3859733
3859816
3859839
3859843
3859884
3859954
3860012
3860178
3860180
3860230
3860273
3860307
3860336
3860390
3860426
3860432
3860460
3860602
3860650
3860695
3860820
3860871
3861037
3861065
3861070
3861136
3861369
3861583
3861651
3861935
3862048
3862141
3862274
3862416
3862626
3862644
3862780
3862861
3863016
3863043
3863095
3863111
3863132
3863175
3863490
3863641
3863879
3863910
3864198
3864330
3864433
3864466
3864482
3864502
3864516
3864521
3864568
3864625
3864638
3864844
3864970
3865089
3865127
3865130
3865162
3865196
3865235
3865302
3865350
3865437
3865453
3865571
3865619
3865681
3865758
3865803
3865810
3865931
3866139
3866184
3866200
3866217
3866347
3866431
3866464
3866699
3866890
3867020
3867059
3867066
3867311
3867332
3867358
3867397
3867454
3867576
3867851
3867907
3868133
3868182
3868275
3868337
3868353
3868370
3868451
3868523
3868586
3868600
3868676
3868736
3868902
3868943
3868977
3869030
3869062
3869096
3869100
3869176
3869216
3869284
3869403
3869410
3869469
3869487
3869620
3869659
3869757
3869779
3869806
3869932
3870056
3870087
3870166
3870211
3870353
3870404
3870449
3870540
3870736
3870748
3870968
3871019
3871063
3871081
3871106
3871340
3871379
3871495
3871658
3871660
3871675
3871754
3871817
3871828
3871876
3871908
3871933
3872041
3872172
3872181
3872205
3872223
3872387
3872452
3872532
3872575
3872618
3872839
3872850
3872884
3873028
3873045
3873267
3873465
3873492
3873803
3873912
3873957
3873979
3874082
3874174
3874332
3874397
3874422
3874454
3874528
3874552
3874698
3874750
3874818
3874936
3874963
3874981
3875111
3875126
3875132
3875144
3875220
3875266
3875294
3875317
3875328
3875419
3875455
3875614
3875629
3875665
3875688
3875704
3875730
3875857
3875974
3876018
3876100
3876134
3876221
3876301
3876322
3876378
3876519
3876608
3876633
3876659
3876723
3876740
3876888
3876892
3876909
3876932
3876983
3876997
3877186
3877290
3877466
3877539
3877761
3877789
3877826
3877860
3877937
3877992
3878079
3878101
3878218
3878355
3878390
3878483
3878538
3878639
3878677
3878706
3878714
3878866
3878945
3878976
3879245
3879308
3879320
3879347
3879565
3879622
3879654
3879680
3879710
3879836
3880118
3880235
3880437
3880465
3880533
3880582
3880672
3880760
3880775
3880825
3880869
3880874
3881011
3881075
3881083
3881150
3881276
3881315
3881333
3881347
3881570
3881667
3881680
3881710
3881774
3881791
3881807
3881848
3882021
3882050
3882376
3882472
3882522
3882535
3882578
3882704
3883090
3883192
3883225
3883287
3883609
3883660
3883697
3883713
3883908
3884027
3884062
3884128
3884152
3884176
3884301
3884491
3884581
3884620
3884647
3885101
3885154
3885296
3885510
3885542
3885808
3885945
3885976
3886065
3886136
3886148
3886155
3886325
3886391
3886434
3886476
3886560
3886747
3886821
3886850
3886922
3886946
3886954
3887025
3887074
3887171
3887182
3887244
3887392
3887473
3887564
3887598
3887693
3887813
3887822
3887921
3888059
3888206
3888288
3888311
3888344
3888397
3888500
3888517
3888593
3888612
3888631
3888955
3888981
3889131
3889140
3889179
3889447
3889625
3889761
3889897
3889941
3890048
3890114
3890141
3890256
3890484
3890562
3890644
3890675
3890754
3890778
3890800
3890893
3890966
3890971
3891046
3891067
3891105
3891112
3891362
3891482
3891539
3891674
3891700
3891728
3891826
3892146
3892227
3892249
3892319
3892409
3892458
3892695
3892808
3893121
3893234
3893252
3893276
3893347
3893359
3893371
3893412
3893529
3893537
3893553
3893565
3893588
3893592
3893710
3894037
3894041
3894065
3894092
3894264
3894369
3894461
3894604
3894715
3894720
3894747
3894794
3894843
3894868
3894978
3894999
3895059
3895066
3895125
3895292
3895401
3895446
3895467
3895561
3895576
3895679
3895743
3896016
3896050
3896077
3896111
3896158
3896160
3896197
3896208
3896419
3896501
3896599
3896670
3896718
3896749
3896831
3896864
3896898
3896925
3896942
3897118
3897222
3897377
3897406
3897437
3897441
3897453
3897508
3897594
3897744
3897775
3897838
3897856
3897869
3897905
3898018
3898049
3898062
3898117
3898216
3898221
3898239
3898250
3898295
3898647
3898731
3898806
3898841
3898944
3899133
3899147
3899337
3899353
3899449
3899485
3899579
3899693
3899790
3899867
3899921
3899968
3899984
3800286
3800583
3800901
3801435
3801454
3801499
3801795
3801849
3802232
3802329
3802365
3802485
3803491
3803608
3803983
3804908
3805272
3805642
3805826
3805965
3806437
3806856
3807247
3807271
3807345
3807840
3808479
3808601
3808725
3808890
3808927
3809098
3809458
3809475
3809643
3810126
3810158
3810490
3810580
3810692
3811051
3811221
3811243
3811507
3811911
3811958
3812222
3812368
3812441
3812732
3812940
3813733
3813771
3813794
3813895
3814412
3814514
3814588
3815449
3815473
3816165
3816386
3816530
3816549
3816611
3816799
3816982
3817178
3818327
3818494
3818642
3818691
3818965
3819008
3819657
3820060
3820228
3820412
3820646
3820848
3821069
3821283
3821661
3821854
3822360
3822784
3823078
3823832
3824282
3824773
3824796
3824879
3825277
3825865
3825975
3826122
3826230
3826390
3826587
3826695
3827398
3827735
3827947
3828493
3829709
3830776
3830844
3830858
3831681
3832425
3832620
3832705
3832997
3833042
3833108
3833341
3833449
3833523
3833676
3834167
3834444
3834542
3834556
3835041
3835356
3835461
3835618
3835715
3835946
3836214
3836265
3836344
3836413
3836612
3838247
3838436
3838554
3839019
3839675
3839780
3839947
3840367
3840403
3841098
3841113
3841444
3842236
3842318
3842789
3842844
3842860
3843534
3843963
3844034
3844045
3844076
3844321
3844492
3845075
3845405
3845412
3845927
3846069
3846485
3846693
3846781
3846867
3847342
3847651
3848081
3848484
3848828
3848845
3848889
3849002
3849785
3850397
3850657
3850664
3850907
3850948
3851132
3851554
3852102
3852667
3852819
3852973
3853426
3853602
3853621
3853714
3853741
3853866
3853900
3854159
3854353
3856186
3856327
3856642
3856776
3857216
3857301
3857524
3857740
3857764
3858089
3858316
3858339
3858607
3859181
3859821
3860101
3860262
3860458
3861630
3861733
3861782
3861794
3862019
3862063
3862106
3862398
3862573
3864875
3865299
3865470
3865711
3865842
3866075
3867138
3868171
3868232
3868512
3869085
3869892
3869909
3870392
3870813
3870995
3871439
3871477
3871920
3872369
3872708
3872922
3873339
3873797
3873825
3874020
3874657
3874830
3875606
3875840
3875864
3875898
3875910
3875942
3876250
3876555
3876764
3877700
3878273
3878432
3879011
3879075
3879394
3879613
3879918
3880127
3880302
3880406
3880732
3880964
3880979
3880998
3881529
3881592
3881951
3882144
3882407
3882424
3883055
3883364
3883398
3883675
3883800
3884975
3885381
3885411
3885556
3885993
3886212
3886387
3886493
3886544
3886651
3886782
3887899
3887950
3888156
3888907
3888919
3889054
3889272
3889415
3889471
3889687
3889811
3890036
3890072
3890439
3890518
3890817
3890915
3891186
3891420
3891521
3892023
3892199
3892569
3892815
3893011
3893200
3893293
3894148
3894172
3894445
3894476
3895768
3895818
3896513
3897089
3897912
3897957
3898555
3898960
3899069
3899120
3899275
3899418
3899564
3899902
