1300868
1301499
1304596
1306874
1306940
1312663
1312905
1312964
1314320
1315353
1315790
1320217
1321003
1322270
1323236
1323568
1326307
1327421
1332633
1335766
1337951
1341218
1343640
1343885
1345541
1349160
1350435
1352097
1352464
1352565
1354451
1356349
1357073
1357671
1358931
1364131
1364459
1364638
1365441
1369322
1369911
1372070
1372493
1376469
1379276
1380709
1382991
1383947
1386029
1386279
1387813
1388534
1391691
1398051
1398202
1399628
1399781
1300070
1300124
1300240
1300391
1300434
1300511
1300685
1300771
1300821
1300877
1300884
1300895
1301059
1301138
1301142
1301169
1301174
1301270
1301288
1301326
1301332
1301375
1301401
1301446
1301605
1301631
1301716
1301827
1301948
1301955
1301990
1302087
1302226
1302404
1302586
1302790
1302878
1302880
1302899
1302902
1302916
1303004
1303018
1303027
1303030
1303152
1303176
1303335
1303536
1303731
1303837
1303865
1303888
1304072
1304165
1304323
1304386
1304443
1304484
1304518
1304611
1304644
1304683
1304722
1304735
1304767
1304780
1304889
1304908
1304966
1305067
1305131
1305272
1305327
1305351
1305471
1305539
1305584
1305638
1305897
1305929
1305965
1306201
1306267
1306316
1306414
1306437
1306441
1306566
1306594
1306663
1306825
1307095
1307160
1307197
1307393
1307580
1307614
1307812
1307840
1307886
1307925
1307974
1308011
1308032
1308139
1308143
1308200
1308276
1308333
1308394
1308431
1308464
1308514
1308592
1308769
1309101
1309167
1309180
1309230
1309285
1309319
1309538
1309542
1309684
1309928
1309993
1310002
1310039
1310109
1310126
1310158
1310282
1310294
1310419
1310599
1310751
1310812
1310857
1310879
1311049
1311145
1311239
1311519
1311590
1311615
1311671
1311757
1311944
1312280
1312299
1312302
1312321
1312384
1312488
1312559
1312681
1312709
1312797
1312810
1312887
1312923
1312940
1313163
1313212
1313387
1313391
1313461
1313476
1313583
1313627
1313651
1313696
1313733
1313816
1314011
1314026
1314308
1314565
1314592
1314725
1315108
1315306
1315388
1315634
1315772
1315916
1315995
1316007
1316036
1316114
1316287
1316312
1316443
1316551
1316697
1316746
1316817
1316852
1316933
1316966
1317023
1317040
1317098
1317262
1317273
1317307
1317363
1317372
1317497
1317587
1317639
1317643
1317695
1317765
1317770
1317820
1317894
1317900
1317976
1317993
1318035
1318099
1318105
1318123
1318131
1318140
1318157
1318179
1318373
1318752
1318826
1318929
1318937
1318941
1318970
1319033
1319047
1319059
1319066
1319174
1319309
1319500
1319589
1319830
1319919
1319924
1319936
1319981
1320009
1320058
1320060
1320083
1320168
1320245
1320276
1320479
1320529
1320756
1320774
1320787
1320791
1320863
1320918
1320930
1321147
1321166
1321194
1321283
1321314
1321451
1321496
1321813
1321854
1321867
1321968
1322292
1322326
1322401
1322422
1322528
1322534
1322605
1322664
1322830
1322907
1323035
1323080
1323105
1323164
1323272
1323373
1323385
1323595
1323610
1323700
1323883
1323970
1323988
1324021
1324126
1324345
1324389
1324393
1324455
1324481
1324554
1324567
1324704
1324718
1325189
1325216
1325250
1325313
1325346
1325367
1325469
1325519
1325563
1325647
1325731
1325870
1325932
1325975
1326122
1326135
1326218
1326483
1326650
1326770
1326820
1326866
1326882
1326961
1327007
1327170
1327192
1327312
1327379
1327386
1327527
1327754
1327767
1327799
1327817
1328029
1328190
1328374
1328417
1328452
1328627
1328685
1328715
1328733
1328782
1328843
1328913
1329052
1329339
1329395
1329465
1329520
1329582
1329663
1329711
1329732
1329856
1329912
1329923
1330105
1330140
1330263
1330327
1330415
1330433
1330482
1330521
1330584
1330638
1330789
1330844
1330860
1330897
1330929
1330970
1331017
1331034
1331093
1331127
1331149
1331254
1331280
1331302
1331395
1331406
1331547
1331663
1331775
1331887
1331957
1332100
1332145
1332313
1332346
1332354
1332555
1332572
1332659
1332723
1332731
1332806
1332829
1332841
1333194
1333370
1333781
1333854
1333921
1334086
1334146
1334204
1334273
1334336
1334650
1334668
1334737
1334993
1335155
1335223
1335264
1335303
1335391
1335604
1335759
1335850
1335884
1336015
1336033
1336138
1336142
1336187
1336309
1336344
1336358
1336454
1336467
1336561
1336631
1336716
1336743
1336795
1336873
1336896
1336981
1337026
1337234
1337320
1337347
1337366
1337506
1337537
1337622
1337654
1337699
1337787
1337890
1337949
1337962
1338043
1338068
1338144
1338233
1338407
1338448
1338490
1338535
1338567
1338665
1338670
1338762
1338879
1338886
1338938
1339072
1339129
1339170
1339192
1339242
1339269
1339287
1339364
1339379
1339421
1339530
1339551
1339778
1339817
1339828
1339966
1340062
1340128
1340301
1340322
1340456
1340536
1340705
1340837
1340909
1341040
1341135
1341411
1341444
1341587
1341643
1341765
1341871
1341917
1342157
1342385
1342420
1342584
1342752
1343015
1343020
1343082
1343103
1343435
1343517
1343593
1343631
1343750
1343818
1343963
1344000
1344093
1344130
1344151
1344162
1344196
1344343
1344384
1344437
1344441
1344559
1344582
1344594
1344825
1344838
1344856
1344869
1344874
1345097
1345293
1345320
1345333
1345431
1345457
1345553
1345756
1345855
1345962
1345973
1346260
1346388
1346473
1346628
1346755
1346921
1347065
1347148
1347190
1347342
1347356
1347387
1347627
1347673
1347733
1347794
1347843
1347922
1347954
1348106
1348225
1348323
1348364
1348439
1348450
1348713
1348780
1348800
1348933
1348947
1348966
1349068
1349259
1349282
1349294
1349328
1349352
1349389
1349393
1349554
1349785
1349796
1349898
1349903
1349987
1350020
1350094
1350156
1350191
1350206
1350311
1350332
1350358
1350383
1350454
1350500
1350517
1350528
1350743
1350885
1350963
1350990
1351016
1351050
1351095
1351111
1351144
1351215
1351455
1351535
1351554
1351653
1351670
1351718
1351785
1351831
1351898
1351987
1352009
1352143
1352457
1352506
1352529
1352537
1352667
1352710
1352881
1352930
1353113
1353227
1353273
1353363
1353542
1353591
1353668
1353684
1353729
1353765
1353792
1353917
1353928
1353989
1353993
1354182
1354211
1354329
1354337
1354449
1354540
1354634
1354652
1354693
1354707
1354755
1354790
1354813
1354943
1354950
1355188
1355323
1355504
1355644
1355713
1355735
1355746
1356123
1356248
1356466
1356502
1356669
1356809
1356844
1356858
1356906
1357051
1357268
1357354
1357572
1357608
1357659
1357705
1357892
1357944
1358246
1358316
1358339
1358368
1358377
1358414
1358492
1358619
1358690
1358709
1358887
1358905
1358998
1359119
1359172
1359369
1359417
1359445
1359489
1359604
1359696
1359747
1359759
1359782
1359821
1359935
1360079
1360336
1360542
1360643
1360684
1360770
1360820
1360900
1360945
1360989
1361053
1361190
1361369
1361387
1361391
1361445
1361476
1361493
1362165
1362170
1362225
1362256
1362305
1362364
1362379
1362443
1362468
1362484
1362518
1362697
1362767
1362908
1362994
1363016
1363050
1363068
1363183
1363215
1363294
1363328
1363419
1363455
1363580
1363606
1363665
1363704
1363727
1363773
1363969
1364078
1364198
1364224
1364290
1364396
1364521
1364577
1364595
1364734
1364752
1364906
1364965
1365076
1365104
1365162
1365173
1365254
1365339
1365350
1365384
1365395
1365429
1365825
1365838
1365842
1366009
1366060
1366083
1366102
1366200
1366405
1366423
1366431
1366486
1366498
1366541
1366699
1366742
1366774
1367206
1367241
1367309
1367332
1367397
1367401
1367422
1367480
1367545
1367623
1367849
1367963
1368074
1368133
1368392
1368496
1368564
1368598
1368661
1368880
1369117
1369134
1369152
1369161
1369193
1369268
1369295
1369335
1369380
1369403
1369425
1369731
1370087
1370115
1370232
1370297
1370314
1370462
1370473
1370598
1370736
1370748
1370772
1370813
1370835
1370899
1370984
1371024
1371048
1371055
1371170
1371305
1371398
1371495
1371551
1371626
1371697
1371746
1371778
1371915
1372155
1372181
1372212
1372240
1372264
1372356
1372369
1372511
1372583
1372696
1372708
1372771
1372877
1372884
1372980
1373000
1373061
1373196
1373280
1373321
1373368
1373429
1373520
1373559
1373760
1373810
1373874
1373887
1373931
1374110
1374206
1374270
1374292
1374375
1374397
1374467
1374517
1374545
1374552
1374605
1374623
1374657
1374679
1374885
1374924
1375002
1375095
1375175
1375419
1375436
1375490
1375513
1375578
1375704
1375727
1375898
1376134
1376152
1376202
1376442
1376524
1376536
1376608
1376694
1377013
1377131
1377290
1377459
1377466
1377502
1377550
1377761
1377883
1377941
1378031
1378180
1378273
1378497
1378591
1378737
1378753
1378788
1378859
1379032
1379184
1379315
1379347
1379382
1379529
1379667
1379710
1379742
1379791
1379836
1379848
1379863
1379949
1379996
1380034
1380061
1380196
1380280
1380414
1380655
1380905
1380923
1381195
1381245
1381252
1381276
1381315
1381479
1381498
1381667
1381725
1381890
1381927
1381973
1382016
1382039
1382095
1382132
1382247
1382282
1382424
1382580
1382606
1382727
1382886
1382898
1382938
1382969
1382974
1382987
1383188
1383238
1383242
1383416
1383439
1383443
1383530
1383596
1383644
1383660
1383767
1383971
1383982
1384268
1384380
1384399
1384474
1384536
1384563
1384659
1384814
1384911
1385031
1385040
1385064
1385167
1385180
1385199
1385296
1385355
1385363
1385381
1385458
1385460
1385871
1385900
1385917
1385945
1385976
1386053
1386298
1386356
1386369
1386374
1386387
1386391
1386493
1386511
1386685
1386720
1386782
1386884
1386895
1387010
1387042
1387115
1387147
1387275
1387370
1387388
1387404
1387462
1387598
1387689
1387790
1388015
1388103
1388174
1388265
1388344
1388375
1388500
1388640
1388664
1388784
1388936
1388981
1389078
1389105
1389330
1389408
1389471
1389584
1389728
1389734
1389752
1389789
1389844
1389965
1390081
1390090
1390114
1390141
1390188
1390210
1390269
1390468
1390495
1390675
1390713
1390746
1390780
1390876
1390908
1390947
1391330
1391433
1391466
1391550
1391595
1391642
1391656
1391700
1391789
1391988
1392249
1392307
1392538
1392616
1392871
1392882
1392917
1392934
1392989
1392993
1393011
1393060
1393083
1393150
1393168
1393382
1393431
1393514
1393529
1393541
1393601
1393635
1393646
1393774
1393824
1393863
1393930
1394037
1394124
1394310
1394387
1394434
1394461
1394583
1394597
1394627
1394651
1394662
1394708
1394720
1394946
1395020
1395094
1395241
1395253
1395292
1395435
1395593
1395631
1395640
1395679
1395721
1395739
1395750
1395784
1395818
1395963
1395981
1396016
1396175
1396215
1396300
1396334
1396345
1396424
1396472
1396614
1396629
1396653
1396730
1396749
1396796
1396903
1397089
1397235
1397395
1397453
1397566
1397869
1397891
1397923
1398030
1398085
1398134
1398145
1398193
1398243
1398277
1398295
1398403
1398469
1398491
1398507
1398694
1398731
1398853
1398888
1398958
1399038
1399056
1399306
1399462
1399531
1399586
1399693
1399835
1399916
1300212
1300286
1300493
1300662
1300720
1300733
1300954
1301206
1301561
1301612
1302056
1302074
1303189
1303250
1303519
1303555
1304019
1305318
1305362
1305521
1305642
1306278
1306343
1306368
1306406
1306869
1307345
1308009
1308075
1308102
1308588
1308949
1309218
1309227
1309390
1309510
1309677
1309866
1310334
1310481
1310554
1310864
1310898
1311134
1311548
1311997
1312151
1312441
1312979
1313493
1313630
1313649
1313821
1313839
1313999
1314097
1314359
1315010
1315748
1316644
1316982
1317064
1317086
1317409
1317602
1317788
1318207
1318415
1319422
1319552
1319576
1319612
1319784
1320464
1320769
1320872
1320890
1321523
1321984
1322156
1322253
1322309
1322576
1323550
1323577
1323691
1323811
1323937
1323953
1324077
1324144
1324501
1324522
1324831
1325442
1326426
1326668
1326729
1326753
1327063
1327129
1327549
1327658
1328014
1328257
1329104
1329278
1329453
1329760
1329964
1330131
1330568
1330988
1331028
1331912
1332049
1332096
1332295
1332958
1333003
1333120
1333166
1333226
1333557
1333724
1333736
1334249
1334538
1334820
1334833
1334882
1334989
1335065
1335978
1335999
1336383
1336784
1337486
1338328
1339007
1339495
1339658
1339701
1340073
1340378
1340659
1340671
1340786
1341621
1341650
1341961
1342099
1342219
1342236
1342248
1342568
1342577
1342669
1342761
1342776
1343612
1344429
1344624
1344887
1345613
1345678
1345703
1346353
1346564
1346719
1347181
1347630
1347771
1347913
1347978
1348019
1348036
1348312
1348443
1348915
1349039
1349730
1350066
1350237
1350326
1350413
1350499
1350552
1350702
1350818
1352217
1352927
1353064
1353262
1353381
1354120
1354564
1355063
1355225
1356013
1356022
1356157
1356494
1356656
1356970
1357487
1357507
1357666
1357841
1357853
1358000
1358964
1358979
1359037
1359662
1360483
1360503
1360621
1360976
1361172
1361338
1361509
1361560
1361980
1363126
1363910
1364362
1364466
1364543
1365045
1365149
1365508
1365559
1365940
1365986
1366855
1367375
1367534
1367955
1368056
1368115
1368283
1368652
1368724
1368950
1368977
1369378
1369548
1369694
1369712
1369909
1370182
1370353
1370523
1371081
1371611
1371966
1372092
1372452
1372685
1373246
1373377
1373726
1373732
1373986
1374059
1374478
1374561
1374576
1376051
1376062
1376117
1376335
1376399
1376403
1376705
1376764
1377482
1377789
1377793
1378296
1378677
1378871
1378976
1379699
1380465
1380533
1380810
1380891
1381058
1381200
1381756
1382111
1382840
1383019
1383518
1383861
1384239
1384277
1385057
1385113
1385677
1386190
1386286
1387736
1387968
1388593
1389281
1389447
1389687
1389809
1389858
1390129
1390165
1390364
1390626
1390828
1390834
1391054
1391140
1391327
1391349
1391953
1392012
1392363
1392411
1392621
1392820
1392894
1393289
1393769
1394092
1394417
1394532
1395110
1395214
1395454
1395623
1395907
1396463
1396670
1396942
1397465
1397607
1397998
1398096
1398176
1398189
1398647
1399813
1399822
