4600431
4600703
4600756
4604328
4604599
4610188
4611691
4612542
4614119
4616614
4617838
4617912
4619260
4620006
4620053
4620356
4624398
4625001
4626280
4627812
4628553
4638072
4638800
4648823
4654125
4656051
4657965
4661635
4662175
4662938
4664284
4674505
4675817
4676330
4680411
4681037
4682129
4682421
4683043
4683393
4684459
4690389
4691682
4692825
4693374
4699413
4600009
4600217
4600289
4600315
4600359
4600423
4600486
4600541
4600588
4600622
4600710
4600881
4600904
4601133
4601232
4601297
4601341
4601449
4601462
4601505
4601564
4601628
4601634
4601652
4601661
4601763
4601921
4601939
4602008
4602066
4602125
4602156
4602237
4602612
4602640
4602664
4602795
4602818
4602849
4602873
4602972
4603078
4603112
4603140
4603207
4603236
4603415
4603447
4603603
4603883
4603937
4604021
4604050
4604095
4604247
4604334
4604361
4604436
4604472
4604481
4604535
4604578
4604704
4604796
4604831
4604942
4604956
4605152
4605221
4605239
4605243
4605284
4605335
4605399
4605469
4605519
4605647
4605682
4605806
4605909
4606012
4606057
4606227
4606363
4606460
4606475
4606525
4606616
4606714
4606729
4606859
4606945
4607072
4607256
4607312
4607379
4607439
4607562
4607609
4607683
4607746
4607778
4607800
4607852
4607861
4607889
4607920
4608240
4608279
4608303
4608338
4608391
4608400
4608428
4608511
4608630
4608708
4608868
4609000
4609089
4609235
4609533
4609636
4609672
4609690
4609783
4609856
4609869
4609887
4609957
4609998
4610048
4610063
4610081
4610141
4610192
4610238
4610527
4610530
4610573
4610683
4610713
4610735
4610767
4610780
4610876
4611140
4611255
4611272
4611330
4611362
4611502
4611543
4611550
4611577
4611858
4611875
4611941
4611953
4611988
4611992
4612064
4612178
4612319
4612390
4612409
4612426
4612503
4612591
4612741
4612934
4613058
4613060
4613121
4613217
4613245
4613261
4613431
4613529
4613592
4613678
4613680
4613791
4613848
4614107
4614124
4614148
4614356
4614369
4614452
4614493
4614509
4614597
4614627
4614802
4614843
4614922
4615015
4615229
4615265
4615288
4615360
4615435
4615446
4615517
4615534
4615545
4615593
4615750
4615784
4615830
4615873
4615963
4616183
4616334
4616490
4616599
4616629
4616641
4616653
4616688
4616857
4616903
4616956
4616987
4617127
4617235
4617254
4617492
4617559
4617931
4618027
4618062
4618145
4618202
4618239
4618284
4618354
4618425
4618647
4618659
4618911
4618958
4618983
4619056
4619074
4619133
4619159
4619166
4619211
4619404
4619427
4619523
4619531
4619564
4619598
4619724
4619968
4620029
4620041
4620163
4620461
4620597
4620618
4620759
4620771
4620839
4620935
4620999
4621047
4621066
4621206
4621375
4621383
4621413
4621422
4621534
4621784
4621827
4621873
4621972
4622003
4622275
4622314
4622365
4622392
4622418
4622451
4622496
4622531
4622557
4622617
4622645
4622719
4622755
4622835
4622968
4622984
4623134
4623536
4623555
4623647
4623837
4623892
4623926
4623960
4623983
4624081
4624141
4624170
4624210
4624242
4624291
4624331
4624402
4624504
4624611
4624889
4625035
4625046
4625105
4625219
4625272
4625349
4625494
4625516
4625603
4625687
4625809
4625860
4625914
4625929
4626028
4626076
4626104
4626254
4626321
4626492
4626709
4626758
4626874
4626905
4626931
4627021
4627126
4627259
4627328
4627455
4627653
4627670
4627704
4627727
4627857
4627864
4628276
4628405
4628680
4628855
4628918
4628996
4629146
4629296
4629372
4629381
4629426
4629458
4629460
4629483
4629569
4629650
4629677
4629737
4629792
4629917
4630027
4630085
4630100
4630161
4630202
4630268
4630367
4630378
4630380
4630469
4630888
4630911
4630932
4630975
4631079
4631146
4631372
4631497
4631591
4631714
4631741
4631792
4631945
4631952
4631961
4632236
4632255
4632290
4632385
4632471
4632539
4632568
4632595
4632669
4632691
4632728
4632793
4632858
4632860
4632875
4632883
4633008
4633142
4633401
4633478
4633517
4633593
4633623
4633664
4633851
4633924
4633972
4634052
4634061
4634093
4634213
4634280
4634414
4634441
4634559
4634582
4634672
4634825
4634842
4634856
4634891
4634979
4635044
4635150
4635228
4635366
4635725
4635742
4635769
4635819
4635824
4636038
4636159
4636194
4636232
4636370
4636404
4636462
4636523
4636540
4636943
4637119
4637190
4637452
4637489
4637583
4637802
4637980
4638019
4638036
4638256
4638274
4638468
4638518
4638530
4638644
4638713
4638828
4638947
4639016
4639021
4639175
4639220
4639266
4639361
4639665
4639688
4639704
4639727
4639730
4639762
4639823
4639831
4639974
4640013
4640099
4640248
4640255
4640420
4640459
4640625
4640826
4640858
4640965
4641185
4641213
4641246
4641339
4641492
4641566
4641619
4641783
4641810
4641856
4641931
4641940
4642161
4642216
4642519
4642581
4642671
4642705
4642740
4642911
4642926
4642975
4643038
4643159
4643232
4643258
4643370
4643404
4643427
4643430
4643496
4643557
4643645
4643801
4643813
4644285
4644411
4644503
4644695
4644808
4644882
4644928
4645006
4645070
4645124
4645148
4645190
4645303
4645325
4645338
4645374
4645489
4645618
4645720
4645839
4645980
4646033
4646237
4646241
4646253
4646383
4646401
4646467
4646777
4646907
4646955
4646972
4647026
4647032
4647044
4647228
4647347
4647405
4647423
4647769
4647819
4647848
4647951
4648084
4648175
4648183
4648215
4648233
4648294
4648407
4648436
4648578
4648688
4648773
4648938
4649019
4649192
4649269
4649305
4649340
4649416
4649439
4649477
4649484
4649632
4650010
4650038
4650091
4650115
4650133
4650209
4650258
4650337
4650341
4650388
4650404
4650451
4650557
4650652
4650755
4650772
4650902
4651055
4651340
4651379
4651450
4651518
4651658
4651660
4651799
4651982
4652065
4652445
4652452
4652493
4652720
4652794
4652978
4653028
4653162
4653196
4653280
4653321
4653368
4653547
4653559
4653648
4653681
4653690
4653726
4653869
4653957
4654015
4654033
4654047
4654094
4654110
4654326
4654401
4654422
4654517
4654589
4654623
4654686
4654702
4654721
4654830
4654849
4654948
4655039
4655233
4655300
4655345
4655393
4655522
4655535
4655578
4655751
4655812
4655823
4655831
4655925
4656161
4656189
4656221
4656442
4656563
4656581
4656633
4656740
4656786
4656841
4656892
4657013
4657224
4657263
4657281
4657330
4657349
4657351
4657433
4657471
4657543
4657610
4657642
4657734
4657826
4658040
4658167
4658251
4658538
4658569
4658714
4658961
4658976
4659044
4659228
4659252
4659276
4659289
4659382
4659498
4659529
4659613
4659622
4659635
4659769
4659787
4659890
4659927
4660196
4660201
4660246
4660278
4660299
4660395
4660414
4660492
4660648
4660711
4660842
4660923
4660957
4661009
4661121
4661234
4661289
4661457
4661479
4661537
4661592
4661710
4661769
4661836
4661855
4661918
4661973
4662084
4662111
4662208
4662294
4662352
4662393
4662424
4662436
4662522
4662535
4662956
4663106
4663192
4663256
4663287
4663357
4663364
4663386
4663697
4663861
4663915
4663994
4664051
4664193
4664335
4664438
4664524
4664814
4665005
4665031
4665079
4665154
4665204
4665218
4665409
4665510
4665542
4665587
4665616
4665639
4665737
4666029
4666037
4666231
4666391
4666417
4666428
4666445
4666558
4666583
4666673
4666720
4666766
4666802
4667003
4667025
4667074
4667087
4667226
4667306
4667404
4667430
4667451
4667496
4667540
4667579
4667645
4667707
4667835
4667854
4667943
4668082
4668094
4668187
4668344
4668358
4668413
4668478
4668480
4668605
4668686
4668873
4668896
4668948
4668972
4669054
4669099
4669186
4669236
4669248
4669255
4669610
4669625
4669642
4669687
4669844
4669929
4670059
4670094
4670169
4670422
4670435
4670500
4670686
4670702
4670784
4670919
4670963
4671132
4671197
4671208
4671247
4671266
4671436
4671490
4671546
4671629
4671692
4671704
4671730
4671805
4671898
4671942
4672139
4672315
4672366
4672486
4672613
4672667
4672703
4672756
4672890
4672904
4673458
4673497
4673538
4673639
4673714
4673808
4673859
4673976
4673993
4674010
4674025
4674042
4674115
4674226
4674260
4674283
4674337
4674564
4674600
4674748
4674916
4674943
4675019
4675024
4675081
4675357
4675439
4675468
4675484
4675527
4675573
4675609
4675611
4675697
4675735
4675908
4675959
4676046
4676415
4676433
4676577
4676625
4676745
4676897
4676929
4677096
4677221
4677313
4677367
4677507
4677536
4677572
4677740
4677757
4677798
4677829
4677911
4677944
4678000
4678045
4678118
4678149
4678222
4678267
4678316
4678339
4678350
4678377
4678533
4678619
4678624
4678732
4678758
4678775
4678783
4678931
4678957
4679088
4679119
4679257
4679264
4679279
4679445
4679597
4679627
4679839
4680005
4680167
4680204
4680273
4680296
4680324
4680409
4680460
4680483
4680542
4680616
4680639
4680714
4680737
4680788
4680859
4681053
4681257
4681445
4681526
4681618
4681794
4681816
4681843
4681877
4681884
4681954
4682036
4682379
4682416
4682477
4682530
4682683
4682697
4682778
4683016
4683208
4683294
4683352
4683376
4683419
4683535
4683641
4683688
4683704
4683718
4683796
4683942
4684054
4684304
4684318
4684539
4684700
4684811
4684875
4685076
4685343
4685350
4685395
4685492
4685672
4685726
4685760
4685797
4685957
4686011
4686289
4686394
4686464
4686592
4686667
4686985
4686996
4687047
4687169
4687292
4687480
4687500
4687534
4688003
4688226
4688244
4688329
4688427
4688598
4688645
4688736
4688790
4689004
4689189
4689239
4689250
4689474
4689491
4689524
4689615
4689633
4689666
4689731
4689740
4689806
4689853
4689888
4689892
4689958
4690132
4690220
4690259
4690266
4690271
4690424
4690455
4690554
4690637
4690812
4690898
4690987
4691049
4691161
4691189
4691438
4691487
4691536
4691909
4692000
4692045
4692104
4692213
4692254
4692299
4692520
4692856
4692957
4692964
4692979
4693014
4693190
4693279
4693356
4693532
4693747
4693843
4693884
4693913
4694032
4694143
4694184
4694276
4694486
4694537
4694570
4694592
4694601
4694680
4694848
4694927
4694930
4695087
4695091
4695159
4695226
4695244
4695258
4695365
4695388
4695404
4695628
4695634
4695661
4695724
4695813
4695880
4696024
4696287
4696291
4696340
4696504
4696573
4696767
4696861
4696933
4696966
4696971
4697230
4697411
4697444
4697510
4697542
4697714
4697753
4697808
4697961
4698080
4698112
4698327
4698362
4698433
4698577
4698625
4698642
4698691
4698700
4698906
4699169
4699174
4699517
4699561
4699784
4699862
4699919
4699924
4600032
4600102
4601392
4601984
4602015
4602206
4602478
4602686
4602721
4603752
4604126
4604424
4604501
4604522
4605354
4605944
4606040
4606372
4606390
4606741
4606788
4606993
4608264
4608673
4608802
4609343
4610114
4610305
4610495
4610915
4611099
4611318
4611584
4611883
4612348
4612639
4613044
4613464
4613570
4614759
4614771
4615082
4615187
4616016
4616126
4616762
4617453
4617571
4617775
4617797
4617891
4617905
4618346
4618581
4618620
4618798
4618997
4619115
4619120
4619297
4619617
4619835
4620223
4620708
4621082
4621309
4621478
4621804
4622074
4622283
4622306
4622813
4623004
4623128
4623216
4623243
4623399
4623548
4623581
4623620
4624114
4624153
4625179
4625198
4625550
4625642
4625691
4625728
4626533
4626887
4626912
4627599
4627886
4627969
4628565
4628951
4629122
4629355
4629475
4629833
4629945
4630030
4630189
4630507
4631324
4631538
4631602
4631706
4631833
4632123
4632131
4632349
4633033
4633082
4633743
4633830
4634162
4634278
4634571
4634803
4634986
4635951
4636211
4636337
4636801
4636835
4637092
4637766
4638170
4638305
4638504
4638735
4638893
4639158
4639197
4639481
4639903
4640447
4640691
4640761
4641118
4641222
4641998
4642004
4642221
4642295
4642524
4642997
4643995
4644409
4644706
4645264
4645369
4645747
4645935
4646206
4646517
4646576
4647011
4647102
4647289
4647498
4647553
4648282
4648864
4648987
4649203
4649596
4649799
4649947
4650194
4650586
4650645
4650661
4650693
4650921
4651585
4651735
4652369
4652895
4652980
4653130
4653395
4653672
4654237
4654777
4654885
4655050
4655352
4655481
4655567
4655879
4655910
4655969
4656027
4656085
4656469
4656647
4657035
4657385
4658336
4658668
4658695
4658788
4660162
4660368
4660594
4660856
4660869
4660891
4660940
4660964
4661044
4661143
4661553
4661699
4661791
4661930
4662160
4662376
4662749
4662785
4662910
4662987
4663141
4663484
4664694
4665023
4665372
4665381
4665574
4665591
4665808
4666369
4666884
4667755
4667867
4667939
4668500
4668589
4668721
4669078
4669140
4669224
4669906
4670265
4670360
4670593
4670605
4670972
4671641
4671903
4672011
4672143
4672184
4672394
4672412
4672570
4672601
4673012
4673113
4673390
4673444
4674418
4675210
4675305
4675660
4675683
4676080
4676179
4676255
4676290
4676516
4676521
4676638
4677085
4677548
4677682
4678017
4678130
4679041
4679070
4679124
4679325
4680057
4680113
4680574
4680706
4680871
4680900
4680917
4681342
4682024
4682114
4682210
4682238
4682800
4682834
4682876
4682933
4683567
4683653
4683987
4684669
4685246
4686139
4686514
4686973
4687743
4687896
4687919
4688337
4688748
4689096
4689438
4689705
4690158
4690294
4690535
4691085
4691193
4691425
4691814
4691997
4692196
4692246
4692339
4692368
4692453
4692566
4692783
4693124
4693240
4693627
4693759
4693794
4694703
4694918
4695003
4695120
4695211
4695232
4695531
4695763
4696746
4697381
4697587
4698304
4699360
4699593
4699739
4699851
