1602853
1604770
1605325
1605445
1607234
1608424
1610962
1611025
1611867
1616273
1616538
1616621
1616866
1619299
1620266
1620513
1620898
1621633
1622571
1622711
1622905
1622931
1623509
1627952
1631138
1631270
1634713
1635577
1636838
1637361
1638622
1642901
1643441
1644169
1649588
1649710
1650118
1650316
1653090
1654410
1655079
1656310
1657523
1657943
1658679
1659897
1661953
1665383
1665612
1666095
1666247
1667061
1667520
1671643
1672433
1672992
1673360
1678966
1679095
1682200
1682836
1683409
1683510
1687410
1688321
1691476
1696537
1697862
1698275
1600035
1600080
1600255
1600433
1600502
1600656
1600700
1600717
1600761
1600811
1600941
1600953
1601162
1601213
1601280
1601321
1601350
1601842
1601869
1602027
1602049
1602134
1602193
1602221
1602354
1602474
1602507
1602563
1602581
1602682
1602757
1602764
1602926
1603025
1603115
1603283
1603427
1603449
1603451
1603628
1603763
1603781
1603902
1604178
1604273
1604324
1604426
1604591
1604616
1604737
1604808
1604820
1604871
1604917
1604961
1604989
1605006
1605279
1605298
1605417
1605544
1605649
1605651
1605771
1605816
1605839
1606015
1606047
1606066
1606110
1606142
1606169
1606174
1606446
1606478
1606480
1606686
1606743
1606795
1606830
1606851
1606990
1607184
1607276
1607289
1607613
1607742
1607769
1607824
1607881
1607951
1608021
1608050
1608220
1608361
1608472
1608522
1608606
1608641
1608670
1608718
1608762
1608886
1609036
1609081
1609153
1609256
1609421
1609484
1609527
1609611
1609722
1609889
1609915
1610143
1610177
1610234
1610320
1610394
1610457
1610601
1610699
1610863
1610973
1611010
1611108
1611244
1611297
1611365
1611451
1611579
1611628
1611676
1611801
1611835
1611939
1612008
1612033
1612066
1612082
1612156
1612174
1612229
1612309
1612593
1612631
1612640
1612721
1612972
1613001
1613105
1613157
1613219
1613466
1613471
1613502
1613543
1613595
1613674
1613789
1613826
1614050
1614084
1614126
1614215
1614259
1614294
1614345
1614376
1614665
1614704
1614727
1614751
1614879
1614925
1615027
1615062
1615193
1615216
1615243
1615301
1615399
1615456
1615563
1615615
1615620
1615666
1615712
1615723
1615841
1615888
1615909
1615911
1615926
1615997
1616086
1616098
1616101
1616154
1616307
1616324
1616348
1616390
1616411
1616426
1616602
1616650
1616668
1616706
1616770
1616894
1617007
1617055
1617305
1617484
1617596
1617660
1617908
1617994
1618092
1618107
1618155
1618172
1618181
1618212
1618231
1618298
1618461
1618489
1618526
1618575
1618696
1618715
1618720
1618802
1618816
1618946
1618967
1619000
1619127
1619130
1619235
1619246
1619278
1619280
1619368
1619515
1619533
1619566
1619655
1619842
1619912
1619931
1620016
1620095
1620220
1620317
1620472
1620546
1620614
1620864
1620987
1621555
1621647
1621694
1621806
1621865
1621926
1621958
1621983
1622017
1622045
1622104
1622127
1622130
1622302
1622437
1622441
1622488
1622508
1622515
1622533
1622672
1622726
1622810
1622838
1622842
1623190
1623212
1623223
1623240
1623325
1623342
1623387
1623434
1623445
1623526
1623532
1623558
1623759
1623877
1623901
1624011
1624026
1624150
1624423
1624431
1624440
1624529
1624565
1624703
1624848
1624930
1625133
1625159
1625166
1625226
1625297
1625388
1625430
1625451
1625462
1625586
1625600
1625689
1625801
1625835
1626165
1626364
1626658
1626767
1626828
1626876
1626947
1626994
1627031
1627040
1627064
1627307
1627319
1627363
1627411
1627426
1627432
1627460
1627483
1627510
1627538
1627815
1627894
1628067
1628105
1628164
1628318
1628327
1628330
1628420
1628447
1628482
1628521
1628625
1628674
1628811
1628858
1628860
1628897
1628906
1628914
1628965
1629110
1629125
1629142
1629169
1629187
1629191
1629214
1629288
1629500
1629716
1629750
1629830
1629862
1629924
1630212
1630257
1630325
1630445
1630461
1630476
1630509
1630544
1630662
1630696
1630816
1630821
1630868
1630935
1631033
1631214
1631358
1631383
1631422
1631561
1631623
1631679
1631698
1631743
1631777
1632010
1632042
1632166
1632171
1632244
1632260
1632392
1632451
1632485
1632512
1632634
1632707
1632719
1632835
1632968
1633004
1633096
1633128
1633152
1633161
1633243
1633268
1633301
1633313
1633615
1633620
1633647
1633659
1633666
1633694
1633779
1633870
1633909
1633911
1634072
1634106
1634141
1634192
1634443
1634450
1634495
1634518
1634530
1634573
1634609
1634658
1634746
1634778
1634828
1634861
1634971
1635035
1635105
1635131
1635236
1635351
1635385
1635502
1635638
1635642
1635776
1635970
1636017
1636127
1636151
1636254
1636384
1636429
1636437
1636508
1636566
1636760
1636803
1636957
1637109
1637197
1637247
1637328
1637546
1637670
1637730
1637857
1637886
1637898
1637956
1637987
1638009
1638075
1638083
1638168
1638184
1638228
1638457
1638486
1638537
1638553
1638710
1638738
1638863
1639005
1639098
1639101
1639218
1639262
1639296
1639336
1639372
1639390
1639525
1639538
1639556
1639574
1639695
1639706
1639729
1639792
1639882
1639945
1639961
1640042
1640159
1640337
1640392
1640449
1640505
1640557
1640707
1640719
1640755
1640813
1640902
1641036
1641048
1641129
1641153
1641238
1641269
1641274
1641305
1641312
1641611
1641632
1641754
1641920
1642065
1642088
1642119
1642155
1642190
1642257
1642286
1642445
1642509
1642583
1642895
1643000
1643017
1643127
1643196
1643235
1643246
1643267
1643316
1643321
1643339
1643368
1643377
1643406
1643582
1643690
1643709
1643711
1643905
1643957
1644020
1644047
1644094
1644237
1644309
1644311
1644446
1644517
1644528
1644593
1644631
1644698
1644702
1644739
1644919
1644955
1644981
1645021
1645039
1645158
1645317
1645334
1645599
1645665
1645762
1645785
1645796
1645987
1645991
1646004
1646018
1646176
1646189
1646425
1646491
1646563
1646779
1646892
1646932
1647179
1647186
1647263
1647351
1647362
1647396
1647420
1647466
1647494
1647502
1647521
1647584
1647809
1647844
1648031
1648040
1648079
1648146
1648167
1648230
1648251
1648285
1648307
1648372
1648569
1648871
1648894
1648993
1649032
1649075
1649102
1649150
1649289
1649293
1649371
1649431
1649541
1649613
1649756
1649836
1649855
1649927
1649949
1650052
1650406
1650594
1650690
1650709
1650803
1650891
1651009
1651058
1651217
1651228
1651276
1651289
1651371
1651423
1651498
1651622
1651654
1651680
1651725
1651863
1652002
1652016
1652158
1652352
1652448
1652910
1653238
1653305
1653364
1653398
1653484
1653527
1653658
1653660
1653675
1653799
1653852
1653920
1654018
1654051
1654062
1654073
1654128
1654216
1654378
1654438
1654524
1654572
1654798
1654932
1654975
1655023
1655057
1655101
1655230
1655307
1655411
1655426
1655538
1655737
1655833
1655847
1655945
1656148
1656205
1656445
1656526
1656802
1656868
1656895
1656967
1657087
1657283
1657314
1657430
1657719
1657772
1657781
1657822
1658229
1658237
1658344
1658401
1658467
1658576
1658862
1658963
1659054
1659080
1659304
1659327
1659362
1659447
1659459
1659482
1659595
1659669
1659674
1659914
1659970
1660048
1660072
1660242
1660274
1660291
1660305
1660331
1660357
1660379
1660596
1660611
1660713
1660893
1661013
1661022
1661054
1661248
1661290
1661349
1661351
1661373
1661396
1661459
1661625
1661844
1661860
1661906
1661988
1662079
1662122
1662372
1662444
1662542
1662616
1662729
1662753
1662815
1662847
1662882
1662976
1663075
1663121
1663177
1663234
1663252
1663276
1663320
1663333
1663347
1663371
1663529
1663537
1663541
1663553
1663613
1663678
1663699
1663949
1664006
1664148
1664286
1664338
1664369
1664391
1664417
1664493
1664511
1664604
1664696
1664747
1664978
1665015
1665033
1665360
1665435
1665552
1665605
1665623
1665896
1665907
1665936
1666039
1666077
1666109
1666132
1666175
1666208
1666300
1666407
1666472
1666522
1666614
1666785
1666969
1667045
1667316
1667350
1667582
1667711
1667732
1667760
1667775
1667979
1667986
1668073
1668117
1668152
1668176
1668239
1668277
1668354
1668403
1668425
1668469
1668487
1668555
1668620
1668671
1668712
1668757
1668764
1668960
1669056
1669069
1669115
1669182
1669209
1669226
1669258
1669314
1669329
1669353
1669600
1669634
1669763
1669813
1669822
1669846
1669880
1669950
1670073
1670128
1670176
1670193
1670524
1670705
1670712
1670814
1671005
1671122
1671167
1671273
1671458
1671602
1671706
1671945
1672080
1672255
1672290
1672471
1672584
1672595
1672717
1672745
1672811
1672941
1672988
1673156
1673214
1673229
1673241
1673422
1673500
1673576
1673623
1673631
1673702
1673743
1673784
1673849
1673972
1674028
1674130
1674162
1674185
1674254
1674350
1674508
1674520
1674533
1674566
1674624
1674709
1674842
1674874
1674891
1674957
1674964
1674998
1675011
1675168
1675293
1675394
1675588
1675592
1675601
1675667
1675774
1675951
1675996
1676042
1676211
1676341
1676353
1676418
1676451
1676473
1676652
1676689
1676707
1676878
1676939
1676968
1677014
1677037
1677181
1677298
1677575
1677651
1677782
1677946
1677967
1677978
1678090
1678416
1678518
1678551
1678611
1678697
1678778
1678817
1678834
1678971
1679002
1679183
1679215
1679233
1679282
1679424
1679472
1679637
1679665
1679727
1679751
1679879
1679886
1679956
1680020
1680237
1680292
1680383
1680552
1680716
1680768
1680830
1680851
1681039
1681208
1681455
1681599
1681730
1681925
1681987
1682195
1682293
1682308
1682359
1682382
1682537
1682646
1682738
1682962
1682973
1683031
1683057
1683122
1683135
1683167
1683218
1683230
1683249
1683497
1683574
1683587
1683684
1683753
1683792
1683833
1683917
1684010
1684025
1684056
1684108
1684244
1684260
1684297
1684392
1684451
1684462
1684693
1684748
1684867
1684939
1685225
1685323
1685484
1685551
1685585
1685596
1685697
1685817
1685852
1685889
1685982
1686112
1686131
1686290
1686433
1686447
1686550
1686625
1686728
1686734
1686858
1686970
1687049
1687128
1687134
1687176
1687295
1687335
1687456
1687469
1687519
1687841
1688017
1688104
1688118
1688130
1688196
1688246
1688316
1688350
1688368
1688429
1688559
1688594
1688655
1688711
1688744
1688758
1688803
1688810
1688887
1689006
1689070
1689434
1689526
1689673
1689733
1689794
1689802
1690012
1690098
1690154
1690285
1690296
1690372
1690381
1690390
1690621
1690706
1690770
1690815
1691006
1691037
1691092
1691172
1691181
1691190
1691257
1691264
1691286
1691325
1691338
1691369
1691374
1691511
1691544
1691618
1691850
1691884
1691895
1691978
1691980
1692063
1692090
1692153
1692291
1692398
1692402
1692421
1692439
1692596
1692609
1692780
1692834
1692893
1692908
1692933
1693160
1693247
1693259
1693271
1693393
1693448
1693481
1693749
1693805
1693879
1694112
1694140
1694263
1694330
1694415
1694433
1694471
1694543
1694687
1694717
1694858
1694953
1694988
1695028
1695246
1695395
1695559
1695566
1695607
1695619
1695648
1695732
1695760
1695905
1695957
1696060
1696195
1696234
1696252
1696289
1696570
1696654
1696699
1696819
1696855
1696890
1696962
1697020
1697066
1697125
1697169
1697435
1697478
1697576
1697657
1697768
1697936
1698056
1698159
1698232
1698341
1698430
1698451
1698763
1698813
1698899
1699030
1699096
1699202
1699216
1699221
1699335
1699346
1699399
1699469
1699524
1699590
1699615
1699620
1699865
1699926
1600272
1600415
1600642
1600728
1601201
1601235
1601838
1601912
1601931
1602085
1602128
1602250
1602666
1602694
1602841
1603147
1603579
1604146
1604167
1604639
1605821
1605946
1606071
1606103
1606309
1606955
1607440
1607791
1607863
1608158
1608436
1608578
1609090
1609626
1609644
1609701
1610245
1610276
1610289
1611370
1611719
1611984
1612071
1612478
1612499
1612795
1613022
1613140
1613610
1613929
1614407
1614463
1615410
1615581
1616792
1616952
1617468
1617585
1617799
1618006
1618544
1618597
1618922
1618978
1619034
1619321
1619492
1619887
1619891
1620132
1620629
1620785
1620840
1621030
1621216
1621620
1621837
1621997
1622201
1622887
1622957
1624245
1624541
1624654
1624742
1624807
1624819
1624855
1624881
1624904
1625115
1625736
1626081
1626114
1626596
1626800
1627057
1627336
1627372
1627556
1628022
1628207
1628219
1628717
1628761
1628875
1629435
1629576
1629739
1630286
1630342
1630417
1630575
1631360
1631552
1631919
1631924
1632473
1632693
1632878
1632939
1633085
1633221
1633491
1633548
1633960
1634063
1634701
1634845
1634876
1635674
1635789
1635914
1636246
1636343
1636655
1636979
1637039
1637126
1637578
1638333
1638423
1638996
1639040
1639285
1639475
1640430
1640790
1641364
1641609
1641713
1641971
1642526
1642673
1642720
1642747
1643254
1643663
1644110
1644657
1644664
1644721
1645448
1645546
1645554
1645692
1645938
1646049
1646888
1646960
1647123
1647236
1647349
1647550
1648409
1648668
1648753
1648815
1649333
1649366
1649382
1649412
1650672
1651486
1651836
1652160
1652535
1652727
1652773
1653106
1653114
1653287
1653585
1653754
1654865
1655167
1655952
1656181
1656190
1656618
1656816
1657091
1657120
1657159
1657462
1657564
1657693
1657977
1658623
1658640
1658743
1658750
1658784
1658990
1659001
1659349
1660055
1661207
1661236
1661263
1661281
1662180
1662319
1662426
1663044
1663405
1663601
1664053
1664119
1664136
1664802
1664922
1665047
1665241
1666043
1668442
1668507
1668740
1669025
1669042
1669341
1669462
1669724
1669801
1670117
1670152
1670563
1670615
1670659
1671251
1671372
1671409
1671621
1672656
1672965
1673103
1673270
1673873
1674127
1674246
1674302
1674406
1674470
1674912
1675026
1676598
1676755
1676772
1676790
1676902
1677006
1677148
1677417
1677526
1677544
1677877
1678106
1678312
1678800
1678861
1679704
1679718
1679942
1680873
1680936
1681002
1681259
1681328
1681419
1681522
1681578
1681580
1681956
1682394
1682506
1682570
1683273
1683458
1683475
1684166
1684388
1684404
1684598
1684822
1684854
1685072
1685188
1685192
1685274
1686157
1686373
1686937
1687354
1687731
1687892
1689560
1689649
1690432
1690934
1691107
1691212
1691782
1691839
1692072
1693084
1694054
1694466
1695104
1695453
1695515
1695690
1695797
1696514
1696553
1696824
1697640
1697873
1697896
1698329
1698353
1698523
1698557
1698600
1699134
1699301
1699403
1699425
1699666
1699757
1699806
