1801285
1802080
1802638
1808007
1809109
1809614
1815717
1815728
1815776
1816842
1817578
1817831
1818654
1819917
1820889
1822355
1827619
1829341
1829748
1833482
1833687
1834490
1834886
1836135
1837722
1838231
1838618
1840593
1841282
1842121
1842394
1843945
1844748
1849821
1851387
1853208
1855488
1857698
1859491
1859757
1860554
1860580
1861837
1863583
1863877
1867363
1871488
1875231
1875816
1879439
1885160
1885282
1886277
1886731
1891431
1892247
1892481
1892762
1895064
1800134
1800161
1800216
1800284
1800322
1800615
1800731
1800829
1800837
1800926
1801005
1801098
1801154
1801180
1801458
1801525
1801643
1801706
1801714
1801753
1801934
1801945
1802013
1802078
1802099
1802105
1802140
1802224
1802330
1802349
1802373
1802447
1802642
1802832
1802844
1802875
1803241
1803311
1803454
1803534
1803640
1803827
1803963
1804045
1804246
1804350
1804655
1804758
1804803
1804838
1804856
1804874
1804912
1804923
1804931
1804940
1805044
1805150
1805217
1805293
1805315
1805394
1805412
1805479
1805537
1805565
1805570
1805613
1805646
1805667
1805848
1805881
1805890
1806038
1806056
1806166
1806182
1806194
1806232
1806258
1806275
1806306
1806392
1806462
1806505
1806531
1806557
1806617
1806748
1806950
1806977
1806995
1807006
1807136
1807279
1807597
1807627
1807651
1807877
1807999
1808153
1808242
1808379
1808632
1808713
1808778
1808800
1808845
1808959
1808966
1808994
1809021
1809050
1809084
1809132
1809144
1809197
1809233
1809282
1809334
1809567
1809578
1809641
1809727
1809762
1809812
1809864
1809925
1810148
1810231
1810279
1810286
1810526
1810618
1810630
1810759
1810816
1810868
1811047
1811309
1811401
1811499
1811686
1811936
1811972
1812038
1812115
1812232
1812365
1812388
1812392
1812496
1812854
1812867
1813004
1813030
1813096
1813134
1813152
1813243
1813284
1813380
1813474
1813487
1813536
1813548
1813694
1813829
1813983
1813997
1814203
1814477
1814611
1814658
1814817
1814971
1815013
1815046
1815164
1815219
1815351
1815433
1815471
1815752
1815789
1815883
1816151
1816302
1816429
1816492
1816624
1816636
1816648
1816681
1816758
1816797
1816803
1816869
1816940
1817002
1817294
1817300
1817481
1817535
1817546
1817823
1817991
1818177
1818423
1818464
1818592
1818703
1818807
1818848
1818855
1819057
1819113
1819251
1819363
1819444
1819460
1819475
1819525
1819650
1819706
1819729
1819741
1819945
1820024
1820036
1820081
1820188
1820225
1820256
1820331
1820379
1820443
1820468
1820549
1820754
1820780
1820817
1820947
1820959
1820982
1820994
1821046
1821054
1821224
1821255
1821290
1821502
1821550
1821577
1821669
1821752
1821809
1821970
1822023
1822031
1822079
1822178
1822180
1822372
1822510
1822538
1822643
1822650
1822934
1822976
1823044
1823075
1823116
1823276
1823514
1823588
1823635
1823678
1823738
1823742
1823819
1823855
1823927
1823996
1824006
1824014
1824053
1824065
1824088
1824240
1824286
1824560
1824604
1824651
1824821
1824839
1824895
1824935
1825066
1825206
1825253
1825309
1825311
1825332
1825358
1825401
1825446
1825698
1825804
1826183
1826294
1826328
1826345
1826424
1826522
1826599
1826637
1826665
1826903
1826987
1827149
1827235
1827406
1827492
1827607
1827726
1827760
1827825
1827887
1827940
1827957
1828073
1828189
1828202
1828216
1828239
1828438
1828491
1828608
1828647
1828814
1828944
1828997
1829074
1829115
1829120
1829418
1829449
1829557
1829634
1829645
1829689
1829968
1830058
1830143
1830177
1830217
1830252
1830261
1830315
1830359
1830382
1830592
1830622
1830635
1830646
1830699
1830890
1831194
1831226
1831427
1831540
1831564
1831600
1831645
1831676
1831846
1832015
1832191
1832288
1832332
1832344
1832623
1832721
1832739
1832896
1832948
1833067
1833105
1833272
1833415
1833433
1833543
1833550
1833674
1833752
1833929
1833970
1833988
1834016
1834039
1834095
1834247
1834259
1834436
1834501
1834546
1834606
1834653
1834688
1834812
1834823
1834857
1834925
1835176
1835403
1835487
1835671
1835731
1835779
1835798
1835837
1836031
1836079
1836113
1836319
1836525
1836556
1836569
1836616
1836706
1836765
1836882
1836894
1836928
1836945
1837019
1837055
1837114
1837129
1837153
1837165
1837225
1837242
1837364
1837416
1837450
1837562
1837626
1837658
1837754
1837800
1837834
1837966
1837971
1838092
1838452
1838489
1838493
1838560
1838685
1838771
1838901
1838922
1838980
1839034
1839278
1839395
1839406
1839492
1839594
1839619
1839648
1839711
1839760
1839783
1839838
1840033
1840125
1840241
1840292
1840360
1840605
1840702
1840750
1840768
1840862
1840955
1840972
1840990
1841021
1841043
1841175
1841389
1841436
1841535
1841546
1841567
1841578
1841665
1841688
1841785
1842075
1842195
1842308
1842371
1842431
1842537
1842613
1842699
1842725
1842742
1842819
1842824
1843040
1843086
1843146
1843167
1843324
1843381
1843587
1843616
1843770
1843847
1843859
1844069
1844171
1844232
1844260
1844370
1844427
1844451
1844485
1844505
1844598
1844652
1844676
1844689
1844724
1844854
1844878
1844899
1845007
1845024
1845055
1845072
1845106
1845238
1845439
1845527
1845596
1845632
1845660
1845697
1845799
1845908
1845971
1845982
1846408
1846494
1846543
1846595
1846687
1846776
1846858
1846941
1846988
1847018
1847062
1847073
1847100
1847134
1847268
1847277
1847335
1847425
1847563
1847682
1847853
1847926
1848028
1848093
1848406
1848760
1848803
1848887
1849065
1849119
1849257
1849445
1849544
1849604
1849627
1849630
1849771
1849802
1849816
1849877
1849946
1849967
1849980
1850005
1850135
1850227
1850251
1850348
1850426
1850538
1850556
1850587
1850847
1850882
1850934
1851041
1851190
1851231
1851257
1851532
1851618
1851630
1851696
1851708
1851733
1851868
1852024
1852106
1852129
1852210
1852331
1852573
1852660
1852845
1852889
1852933
1853095
1853197
1853463
1853472
1853490
1853749
1853886
1853942
1853974
1853991
1854001
1854123
1854140
1854272
1854290
1854349
1854459
1854539
1854543
1854642
1854669
1854883
1855045
1855052
1855093
1855127
1855246
1855278
1855368
1855384
1855437
1855441
1855453
1855624
1855663
1855758
1855825
1855905
1855964
1856011
1856150
1856177
1856195
1856440
1856592
1856738
1856742
1856836
1856855
1856863
1857015
1857125
1857142
1857169
1857206
1857311
1857435
1857589
1857686
1857702
1857716
1857849
1857924
1857963
1857990
1858003
1858087
1858091
1858194
1858211
1858283
1858314
1858505
1858719
1858724
1858880
1858899
1858939
1858995
1859027
1859100
1859189
1859221
1859313
1859474
1859536
1859814
1859837
1859865
1859888
1859975
1859997
1860077
1860266
1860328
1860361
1860448
1860522
1860578
1860606
1860785
1860956
1861062
1861073
1861145
1861189
1861239
1861295
1861346
1861548
1861659
1861779
1861853
1861909
1861944
1861983
1862017
1862089
1862151
1862343
1862368
1862470
1862508
1862566
1862582
1862619
1862648
1862842
1862998
1863070
1863119
1863155
1863223
1863356
1863662
1863715
1863782
1863839
1863895
1863913
1863946
1863999
1864116
1864168
1864252
1864276
1864308
1864412
1864498
1864863
1865087
1865091
1865365
1865392
1865564
1865586
1865707
1865736
1865854
1865921
1865995
1866090
1866225
1866398
1866484
1866527
1866596
1866611
1866713
1866746
1866754
1866778
1866799
1866889
1866893
1866908
1867098
1867178
1867390
1867510
1867525
1867556
1867569
1867643
1867684
1867765
1867770
1867820
1867961
1868035
1868067
1868140
1868219
1868248
1868304
1868466
1868482
1868494
1868502
1868584
1868674
1868745
1868761
1868875
1868914
1869008
1869033
1869094
1869156
1869214
1869311
1869332
1869375
1869413
1869435
1869446
1869454
1869589
1869631
1869716
1869827
1869830
1869919
1869955
1869963
1869990
1870131
1870164
1870272
1870290
1870304
1870373
1870516
1870642
1870691
1870941
1871162
1871201
1871321
1871350
1871384
1871453
1871520
1871607
1871648
1871655
1871838
1871891
1871979
1872018
1872027
1872145
1872221
1872239
1872268
1872284
1872367
1872410
1872536
1872563
1872590
1872786
1872911
1872944
1872960
1872983
1873171
1873194
1873226
1873232
1873427
1873451
1873496
1873531
1873564
1873652
1873676
1873763
1873835
1873899
1874012
1874057
1874135
1874251
1874273
1874381
1874677
1874706
1874753
1874866
1874871
1875029
1875037
1875088
1875212
1875417
1875445
1875597
1875618
1875651
1875980
1876020
1876033
1876047
1876071
1876082
1876478
1876480
1876499
1876500
1876612
1876750
1876818
1876827
1877044
1877060
1877139
1877347
1877371
1877529
1877667
1877774
1877787
1877872
1877930
1877949
1877962
1878068
1878175
1878317
1878424
1878436
1878567
1878653
1878665
1878762
1878773
1878796
1878831
1878903
1878938
1879024
1879048
1879106
1879137
1879170
1879192
1879269
1879312
1879323
1879421
1879596
1879799
1879852
1879889
1879915
1879947
1879966
1879982
1880115
1880133
1880194
1880232
1880260
1880353
1880404
1880676
1880719
1880854
1880867
1880977
1881024
1881072
1881129
1881165
1881210
1881256
1881269
1881274
1881398
1881477
1881632
1881778
1881780
1881828
1881861
1881982
1881994
1882136
1882163
1882181
1882190
1882400
1882476
1882511
1882526
1882618
1882649
1882662
1882720
1883151
1883162
1883173
1883185
1883299
1883302
1883488
1883520
1883636
1883655
1883760
1883803
1883842
1883874
1884138
1884422
1884517
1884589
1884640
1884657
1884716
1884896
1884919
1884972
1884990
1885068
1885109
1885220
1885300
1885345
1885361
1885448
1885730
1885812
1885898
1885938
1885974
1886176
1886216
1886354
1886740
1886853
1886975
1886983
1887035
1887112
1887164
1887198
1887236
1887351
1887577
1887610
1887625
1887638
1887687
1887734
1887776
1887793
1888122
1888230
1888390
1888591
1888602
1888684
1888706
1888792
1888859
1888900
1888934
1889060
1889083
1889116
1889143
1889168
1889234
1889276
1889289
1889678
1889807
1889824
1889930
1890104
1890213
1890437
1890465
1890619
1890636
1890655
1890711
1890775
1890797
1890874
1890931
1891032
1891097
1891315
1891347
1891440
1891588
1891601
1891725
1891791
1891824
1891848
1891996
1892215
1892317
1892334
1892389
1892436
1892463
1892490
1892614
1892653
1892749
1892785
1892812
1892823
1892864
1892987
1893007
1893048
1893072
1893106
1893242
1893416
1893443
1893632
1893799
1893828
1893852
1894117
1894202
1894268
1894313
1894403
1894581
1894666
1894764
1894814
1894841
1894909
1894975
1895057
1895154
1895218
1895296
1895432
1895497
1895510
1895542
1895556
1895815
1895847
1895928
1896070
1896163
1896190
1896212
1896400
1896526
1896733
1896782
1896816
1896850
1896913
1896922
1897042
1897087
1897091
1897314
1897365
1897430
1897449
1897485
1897557
1897564
1897617
1897634
1897755
1897813
1897822
1897854
1897880
1897968
1898059
1898156
1898311
1898344
1898528
1898589
1898631
1898657
1898664
1898702
1898743
1898768
1898795
1898955
1898990
1899046
1899186
1899207
1899327
1899349
1899447
1899482
1899494
1899539
1899700
1899752
1899776
1899826
1899860
1899953
1899965
1800456
1800491
1800572
1800806
1800814
1800932
1801336
1801355
1801695
1802408
1802466
1802471
1802929
1802941
1802970
1803169
1803191
1803344
1803480
1803631
1803948
1804061
1804213
1804797
1805011
1805075
1805506
1806473
1807070
1807286
1807821
1807946
1808876
1809300
1809455
1810053
1810136
1810264
1810298
1811094
1811169
1811311
1811896
1811955
1812025
1812337
1812540
1812916
1812939
1813301
1813335
1813346
1813958
1815761
1815875
1816185
1816222
1816465
1816594
1816726
1817109
1817197
1817857
1817987
1818261
1818479
1818863
1819227
1819390
1819602
1820504
1820632
1821691
1821734
1822040
1822602
1822714
1822945
1823622
1823973
1824041
1824223
1824231
1824400
1824445
1825214
1825241
1825528
1825896
1826762
1826840
1827246
1827316
1827672
1827797
1828243
1828615
1828723
1829329
1829353
1829496
1829505
1829921
1830678
1831449
1831854
1832071
1832397
1832478
1832818
1832885
1833046
1833290
1834043
1834266
1835581
1835909
1836064
1836146
1836574
1836737
1837048
1837137
1837323
1837331
1837632
1837861
1837947
1838526
1839061
1839321
1839350
1839488
1839547
1839726
1839842
1839923
1840545
1840552
1840686
1840698
1840721
1840804
1841352
1841490
1841653
1841670
1841727
1842904
1843012
1843199
1843249
1843319
1843460
1844244
1845398
1845889
1846219
1846236
1846502
1846860
1847085
1847548
1847555
1847960
1848377
1848874
1849092
1850411
1850894
1851070
1851428
1851771
1852081
1852421
1852971
1853068
1853132
1853259
1853282
1853300
1853762
1854992
1855339
1855566
1856228
1856276
1856366
1856710
1856769
1858010
1858147
1858462
1858579
1858813
1858950
1859134
1859202
1860614
1860903
1860987
1861524
1861590
1861620
1861705
1862246
1862520
1862663
1863391
1863630
1863651
1863884
1863922
1864102
1864200
1864440
1864537
1864553
1865025
1865878
1865899
1866386
1868408
1868700
1868992
1870568
1871151
1871492
1871760
1872507
1872620
1872837
1872841
1873159
1873878
1873902
1873921
1874497
1875065
1875325
1875630
1876138
1876534
1877083
1877359
1878043
1878334
1878840
1878974
1879007
1879609
1879644
1879767
1879834
1880226
1880835
1880846
1881188
1881450
1881746
1881754
1882037
1882604
1882895
1883377
1883470
1884125
1884500
1884830
1885578
1885629
1885805
1885857
1885956
1886474
1886519
1886806
1887001
1887179
1887263
1887656
1887965
1888005
1888262
1889177
1889200
1889405
1889464
1889479
1889486
1889613
1890321
1890533
1890838
1891276
1891320
1891382
1891464
1892160
1892345
1892670
1892692
1893019
1893192
1893876
1893908
1893994
1894027
1894221
1894487
1894723
1895167
1895251
1895569
1895602
1895616
1895677
1895714
1895741
1895866
1896107
1896558
1896720
1896802
1896895
1896978
1897003
1897171
1897182
1897512
1898716
1898777
1899035
1899219
1899577
1899669
1899844
1899941
