1500266
1500300
1500361
1500580
1500665
1500718
1500831
1500864
1500903
1501176
1501193
1501277
1501301
1501367
1501563
1501682
1501841
1501909
1501958
1502034
1502052
1502254
1502414
1502508
1502726
1503037
1503223
1503279
1503298
1503374
1503476
1503651
1503922
1503946
1504075
1504293
1504333
1504405
1504699
1504703
1504725
1504738
1505042
1505260
1505329
1505564
1505645
1505661
1505689
1505707
1505772
1505950
1506019
1506036
1506055
1506090
1506129
1506402
1506450
1506477
1506658
1506697
1506780
1507005
1507262
1507285
1507390
1507432
1507503
1507538
1507643
1507866
1508054
1508099
1508420
1508550
1508603
1508669
1509094
1509187
1509214
1509292
1509499
1509623
1509686
1509768
1509784
1509830
1509873
1509885
1510227
1510460
1510602
1510616
1510621
1510714
1510729
1510833
1510847
1510859
1510871
1511029
1511286
1511298
1511356
1511374
1511387
1511583
1511766
1511771
1511794
1511946
1512379
1512386
1512402
1512477
1512596
1512658
1512852
1512971
1512982
1512994
1513050
1513126
1513160
1513233
1513472
1513641
1514099
1514263
1514290
1514466
1514550
1514687
1514811
1514826
1514906
1514970
1515127
1515246
1515465
1515582
1515760
1515869
1516044
1516097
1516150
1516308
1516405
1516592
1516769
1516819
1516836
1516951
1517015
1517066
1517237
1517292
1517358
1517413
1517446
1517664
1517721
1517907
1517948
1517990
1518003
1518010
1518042
1518337
1518392
1518523
1518586
1518902
1518939
1518968
1518984
1519027
1519100
1519221
1519474
1519524
1519555
1519712
1519779
1519798
1519806
1519911
1519960
1520318
1520420
1520584
1520610
1520734
1520906
1520992
1521130
1521151
1521213
1521520
1521931
1522030
1522193
1522536
1522620
1522705
1522888
1522911
1523069
1523091
1523108
1523209
1523275
1523353
1523404
1523451
1523661
1523755
1523899
1523902
1524057
1524167
1524643
1524871
1525014
1525070
1525212
1525428
1525434
1525511
1525604
1525673
1525733
1525913
1525999
1526094
1526214
1526311
1526383
1526528
1526534
1526631
1526804
1526873
1526896
1526972
1526990
1527150
1527177
1527195
1527289
1527366
1527431
1527506
1527699
1527836
1528002
1528039
1528208
1528247
1528393
1528472
1528522
1528614
1528641
1528910
1528974
1529024
1529055
1529063
1529192
1529421
1529439
1529468
1529562
1529585
1529609
1529697
1529722
1529845
1529920
1529933
1529966
1530056
1530108
1530211
1530283
1530314
1530353
1530370
1530473
1530586
1530652
1530676
1530724
1530763
1530772
1530801
1530984
1531048
1531137
1531398
1531402
1531421
1531518
1531596
1531626
1531778
1531908
1532107
1532181
1532400
1532461
1532489
1532696
1533000
1533045
1533201
1533278
1533429
1533559
1533681
1533711
1533856
1533931
1533979
1534047
1534059
1534110
1534383
1534500
1534589
1534612
1534664
1534686
1534924
1534948
1534955
1535077
1535095
1535111
1535126
1535132
1535376
1535393
1536096
1536216
1536295
1536380
1536536
1536563
1536671
1536712
1536837
1536892
1536975
1536997
1537001
1537078
1537248
1537263
1537330
1537396
1537408
1537447
1537466
1537687
1537745
1537761
1538178
1538230
1538285
1538319
1538426
1538475
1538569
1538591
1538706
1538976
1538993
1539044
1539058
1539177
1539308
1539405
1539486
1539498
1539592
1539769
1539863
1539985
1540124
1540342
1540369
1540428
1540583
1540651
1540662
1540913
1540967
1541110
1541156
1541169
1541237
1541467
1541499
1541528
1541664
1541679
1541768
1541784
1541873
1541972
1542244
1542365
1542418
1542473
1542899
1542902
1543134
1543243
1543250
1543268
1543301
1543322
1543399
1543487
1543507
1543548
1543615
1543705
1543798
1543814
1543975
1544141
1544165
1544203
1544210
1544312
1544596
1544701
1544920
1544947
1544966
1544982
1545112
1545198
1545207
1545248
1545318
1545408
1545447
1545929
1546151
1546429
1546648
1546663
1546690
1546874
1546912
1546964
1546979
1547084
1547448
1547513
1547727
1547903
1548200
1548228
1548261
1548315
1548333
1548601
1548791
1548807
1548930
1549460
1550030
1550152
1550378
1550581
1550608
1550837
1550944
1550997
1551064
1551285
1551765
1551934
1551989
1552105
1552131
1552179
1552362
1552415
1552642
1553094
1553142
1553191
1553237
1553292
1553500
1553795
1553830
1553907
1554089
1554246
1554350
1554414
1554465
1554515
1554582
1554711
1554726
1554838
1554964
1554979
1555177
1555217
1555228
1555382
1555440
1555464
1555479
1555622
1555699
1555824
1555890
1555930
1555985
1556056
1556108
1556159
1556388
1556485
1556496
1556540
1556557
1556628
1556724
1556790
1556880
1556939
1557163
1557181
1557374
1557445
1557461
1557558
1557630
1557649
1557839
1557877
1557884
1557935
1557954
1557967
1558106
1558357
1558416
1558562
1558585
1558675
1559043
1559084
1559132
1559160
1559197
1559300
1559334
1559448
1559578
1559580
1559665
1559751
1559785
1559840
1560047
1560066
1560094
1560229
1560679
1560698
1560804
1560830
1560924
1561016
1561158
1561334
1561490
1561599
1561831
1561864
1561974
1562139
1562184
1562195
1562371
1562498
1562565
1562622
1562918
1562985
1563064
1563113
1563230
1563307
1563372
1563460
1563525
1563538
1563587
1563677
1563788
1564194
1564244
1564283
1564314
1564337
1564427
1564564
1564661
1564755
1564763
1564781
1564801
1564822
1564835
1564902
1564950
1565036
1565072
1565081
1565170
1565188
1565256
1565291
1565312
1565323
1565468
1565477
1565675
1565713
1565754
1565861
1566022
1566080
1566236
1566385
1566494
1566521
1566595
1566669
1566674
1566937
1567117
1567161
1567239
1567277
1567581
1567659
1567723
1567814
1568052
1568162
1568246
1568339
1568566
1568619
1568672
1568690
1568709
1569092
1569190
1569205
1569286
1569708
1569766
1569946
1569980
1570045
1570201
1570254
1570744
1570825
1571139
1571289
1571359
1571382
1571405
1571479
1571601
1571680
1571930
1571973
1571985
1572039
1572043
1572126
1572160
1572175
1572294
1572328
1572501
1572554
1572665
1572727
1572903
1572938
1572969
1573063
1573141
1573153
1573165
1573305
1573585
1573611
1573644
1574176
1574250
1574295
1574313
1574474
1574487
1574524
1574659
1574705
1574926
1574958
1575218
1575355
1575556
1575650
1575820
1576369
1576374
1576445
1576526
1576558
1576560
1576651
1576715
1576759
1576868
1577003
1577194
1577226
1577755
1577867
1577977
1578071
1578435
1578499
1578552
1578679
1578721
1578750
1578885
1579186
1579198
1579318
1579396
1579482
1579752
1579858
1579929
1580072
1580090
1580106
1580291
1580416
1580443
1580484
1580562
1580697
1580767
1580834
1580845
1580861
1580889
1581067
1581078
1581131
1581236
1581482
1581577
1581761
1581929
1582432
1582587
1582737
1583116
1583245
1583431
1583514
1583529
1583601
1583667
1583680
1583742
1583824
1583996
1584065
1584124
1584181
1584223
1584303
1584338
1584630
1584733
1584843
1584913
1584980
1585047
1585066
1585422
1585435
1585534
1585589
1585768
1585862
1586109
1586282
1586361
1586436
1586481
1586546
1586599
1586886
1586987
1587185
1587222
1587316
1587350
1587368
1587672
1587726
1588128
1588134
1588145
1588284
1588491
1588536
1588548
1588671
1588806
1588837
1588892
1589003
1589194
1589260
1589505
1589689
1589854
1590276
1590293
1590359
1590394
1590479
1590622
1590791
1590848
1591120
1591258
1591512
1591531
1591628
1591772
1591880
1591943
1591977
1592229
1592589
1592593
1592605
1592743
1592963
1593022
1593080
1593349
1593351
1593396
1593577
1593761
1593789
1594084
1594220
1594352
1594361
1594419
1594472
1594535
1594580
1594629
1594823
1595145
1595193
1595442
1595474
1595572
1595590
1595608
1595694
1595853
1595909
1596122
1596154
1596227
1596251
1596510
1596538
1596859
1596976
1597106
1597238
1597269
1597305
1597495
1597530
1597644
1597780
1598006
1598014
1598124
1598136
1598163
1598205
1598428
1598493
1598544
1598627
1598685
1598720
1599127
1599151
1599278
1599607
1599732
1599758
1599838
1599842
1599957
