3100103
3102951
3104523
3105291
3105379
3105947
3106502
3106638
3107590
3109172
3110284
3110975
3116707
3116736
3117092
3119393
3122436
3124712
3126877
3128849
3131067
3131263
3134148
3136785
3139003
3140643
3140945
3141369
3141374
3141476
3143886
3144745
3145061
3145343
3146228
3147125
3148916
3148995
3150158
3151932
3154320
3155801
3157180
3157820
3158186
3159750
3165272
3165433
3165603
3166185
3167197
3169262
3174805
3176866
3176928
3178509
3179045
3180362
3181775
3181998
3190707
3193278
3194008
3194206
3197687
3100015
3100066
3100110
3100125
3100270
3100375
3100517
3100605
3100631
3100716
3100795
3100885
3100955
3101111
3101220
3101334
3101352
3101376
3101490
3101599
3101910
3102075
3102097
3102121
3102261
3102366
3102537
3102588
3102622
3102930
3102985
3103057
3103178
3103227
3103262
3103677
3103866
3103952
3104003
3104120
3104341
3104404
3104418
3104564
3104617
3104689
3104835
3104899
3104968
3104984
3105024
3105055
3105192
3105210
3105323
3105386
3105495
3105527
3105644
3105660
3105675
3105722
3105780
3105799
3105834
3105852
3105908
3106013
3106054
3106123
3106224
3106290
3106330
3106610
3106793
3106897
3106906
3106992
3107117
3107176
3107189
3107335
3107469
3107555
3107563
3107615
3107633
3107659
3107712
3107731
3107853
3107958
3108000
3108061
3108149
3108173
3108267
3108299
3108437
3108515
3108624
3108655
3108732
3108912
3108979
3109006
3109029
3109092
3109155
3109212
3109298
3109338
3109369
3109509
3109604
3109794
3109850
3109913
3110062
3110145
3110295
3110491
3110519
3110581
3110608
3110620
3110705
3110723
3110798
3110806
3110841
3110926
3111012
3111023
3111101
3111180
3111227
3111475
3111602
3111639
3111650
3111741
3111989
3111993
3112157
3112330
3112471
3112717
3112811
3112875
3112965
3113033
3113138
3113169
3113401
3113413
3113422
3113446
3113593
3113605
3113679
3113827
3113849
3113851
3113896
3113936
3113955
3114052
3114104
3114302
3114368
3114395
3114533
3114655
3114681
3114711
3114760
3114825
3114874
3114891
3114964
3115102
3115150
3115168
3115195
3115217
3115308
3115320
3115405
3115423
3115506
3115537
3115553
3115565
3115680
3115769
3115787
3115807
3115824
3115855
3116056
3116194
3116226
3116365
3116634
3116822
3116867
3116880
3116968
3116977
3117190
3117428
3117461
3117558
3117583
3117630
3117673
3117696
3117771
3117782
3117922
3118106
3118274
3118331
3118379
3118398
3118477
3118626
3118632
3118697
3118746
3118799
3118800
3118920
3119175
3119215
3119352
3119436
3119535
3119554
3119629
3119641
3119796
3119864
3119969
3119974
3120045
3120061
3120149
3120185
3120321
3120437
3120607
3120655
3120690
3120709
3120732
3120869
3120905
3120931
3120957
3121009
3121139
3121177
3121320
3121359
3121423
3121440
3121479
3121529
3121703
3121769
3121787
3122077
3122084
3122126
3122215
3122259
3122334
3122389
3122393
3122419
3122455
3122463
3122535
3122580
3122812
3122840
3122857
3123024
3123072
3123106
3123141
3123170
3123287
3123357
3123386
3123484
3123551
3123585
3123644
3123697
3123767
3123780
3123876
3123893
3123971
3124145
3124152
3124176
3124216
3124243
3124295
3124346
3124723
3124806
3124888
3124926
3124944
3124960
3125154
3125204
3125227
3125273
3125390
3125432
3125639
3125677
3125808
3125989
3125993
3126119
3126205
3126231
3126257
3126342
3126356
3126445
3126560
3126604
3126673
3126850
3126884
3127003
3127010
3127025
3127108
3127133
3127226
3127283
3127392
3127404
3127485
3127617
3127634
3127645
3127652
3127661
3127693
3127736
3127763
3127813
3127995
3128094
3128191
3128214
3128265
3128344
3128435
3128446
3128499
3128576
3128593
3128657
3128698
3128777
3128804
3128851
3128924
3129035
3129080
3129327
3129396
3129642
3129717
3129793
3129809
3129811
3129858
3129860
3129897
3129970
3130024
3130141
3130242
3130386
3130450
3130504
3130609
3130611
3130735
3130746
3130780
3130828
3130893
3131140
3131330
3131349
3131385
3131396
3131459
3131494
3131502
3131550
3131610
3131642
3131656
3131669
3131793
3131811
3132199
3132204
3132319
3132411
3132432
3132444
3132497
3132574
3132587
3132591
3132668
3132741
3132765
3132770
3132859
3133011
3133075
3133139
3133150
3133228
3133405
3133440
3133464
3133498
3133553
3133680
3133769
3134029
3134088
3134092
3134286
3134428
3134526
3134696
3134877
3135059
3135125
3135174
3135375
3135401
3135500
3135534
3135589
3135612
3135804
3135818
3135830
3135924
3135936
3135981
3135990
3136002
3136050
3136247
3136266
3136361
3136554
3136641
3136749
3136751
3136938
3137017
3137162
3137185
3137222
3137254
3137343
3137395
3137453
3137533
3137559
3137566
3137594
3137690
3137783
3137869
3137905
3138018
3138073
3138100
3138145
3138189
3138284
3138367
3138403
3138442
3138491
3138507
3138524
3138555
3138666
3138764
3138909
3138958
3139108
3139159
3139297
3139462
3139531
3139586
3139628
3139707
3139736
3139748
3139801
3139878
3139939
3140023
3140031
3140307
3140363
3140815
3140833
3140952
3140961
3141119
3141136
3141172
3141205
3141264
3141303
3141310
3141342
3141391
3141400
3141630
3141662
3141877
3141922
3142007
3142048
3142090
3142114
3142129
3142153
3142203
3142274
3142340
3142450
3142551
3142626
3142632
3142658
3142683
3142701
3142713
3142735
3142746
3142817
3142828
3142852
3142861
3142893
3142920
3143002
3143144
3143220
3143448
3143535
3143641
3143785
3143812
3144123
3144157
3144263
3144362
3144415
3144433
3144482
3144550
3144642
3144674
3144789
3144832
3144906
3144937
3145093
3145162
3145267
3145316
3145377
3145508
3145607
3145648
3145709
3145744
3145775
3145783
3145803
3145842
3145891
3146009
3146011
3146026
3146139
3146293
3146457
3146479
3146592
3146756
3146787
3146836
3146930
3146951
3146996
3147229
3147309
3147344
3147358
3147397
3147422
3147528
3147552
3147640
3147972
3147981
3148108
3148297
3148449
3148496
3148540
3148586
3148676
3148772
3148878
3149051
3149128
3149134
3149152
3149161
3149189
3149399
3149487
3149507
3149620
3149647
3149960
3150109
3150208
3150215
3150463
3150567
3150637
3150886
3150925
3150974
3151030
3151096
3151239
3151284
3151313
3151335
3151367
3151519
3151563
3151671
3151757
3151798
3151870
3152235
3152302
3152533
3152547
3152744
3152758
3152783
3152838
3152869
3152874
3152957
3153136
3153374
3153489
3153597
3153685
3153771
3153978
3154044
3154121
3154150
3154177
3154366
3154464
3154506
3154592
3154769
3154774
3155120
3155133
3155232
3155370
3155427
3155473
3155485
3155505
3155512
3155600
3155628
3155645
3155676
3155689
3155835
3155854
3155968
3155984
3156141
3156203
3156210
3156238
3156242
3156269
3156274
3156312
3156484
3156504
3156530
3156626
3156735
3156767
3156778
3156800
3156908
3156920
3156982
3157012
3157040
3157101
3157146
3157154
3157204
3157218
3157227
3157458
3157503
3157525
3157569
3157591
3157677
3157770
3157900
3158046
3158123
3158198
3158207
3158219
3158330
3158761
3159020
3159125
3159241
3159270
3159292
3159397
3159413
3159422
3159576
3159612
3159631
3159804
3159919
3159924
3159963
3160092
3160172
3160205
3160489
3160685
3160868
3161138
3161174
3161344
3161446
3161480
3161545
3161593
3161631
3161657
3161721
3161739
3161924
3161990
3162042
3162133
3162159
3162211
3162341
3162353
3162388
3162449
3162755
3162781
3162916
3162939
3163004
3163117
3163128
3163134
3163277
3163620
3163671
3163712
3163740
3163814
3163837
3163853
3164090
3164165
3164188
3164203
3164238
3164242
3164416
3164658
3164713
3164778
3164959
3165078
3165263
3165290
3165466
3165494
3165577
3165595
3165610
3165625
3165638
3165691
3165752
3165793
3165809
3165811
3165929
3165988
3166034
3166052
3166076
3166089
3166104
3166127
3166173
3166201
3166222
3166246
3166316
3166465
3166547
3166681
3166732
3166758
3167043
3167068
3167175
3167259
3167376
3167490
3167637
3167751
3167956
3167974
3168032
3168121
3168143
3168184
3168234
3168320
3168541
3168553
3168592
3168646
3168667
3168791
3168807
3168881
3168927
3168973
3169031
3169040
3169064
3169122
3169154
3169180
3169227
3169319
3169381
3169483
3169525
3169574
3169602
3169668
3169765
3169833
3169871
3169882
3169928
3170011
3170289
3170308
3170394
3170464
3170529
3170613
3170622
3170703
3170725
3170738
3170756
3170774
3170863
3170890
3170927
3170973
3171025
3171074
3171115
3171147
3171166
3171209
3171392
3171523
3171531
3171564
3171600
3171628
3171652
3171763
3171822
3171939
3171977
3171984
3172033
3172082
3172187
3172344
3172397
3172422
3172435
3172657
3172679
3172686
3172702
3172750
3172777
3172784
3173035
3173099
3173330
3173408
3173502
3173860
3173906
3173953
3174271
3174317
3174419
3174472
3174578
3174637
3174727
3174762
3174879
3175049
3175145
3175221
3175301
3175322
3175354
3175378
3175572
3175633
3175682
3175723
3175911
3176005
3176012
3176113
3176180
3176199
3176204
3176411
3176426
3176432
3176483
3176525
3176591
3176639
3176643
3176815
3176833
3176993
3177072
3177129
3177141
3177242
3177274
3177439
3177495
3177596
3177660
3177722
3177767
3177780
3177799
3177817
3177861
3177915
3177920
3177947
3178037
3178119
3178163
3178172
3178264
3178286
3178338
3178400
3178575
3178696
3178954
3179104
3179127
3179149
3179185
3179395
3179414
3179533
3179559
3179582
3179636
3179663
3179797
3179825
3180001
3180046
3180140
3180219
3180550
3180610
3180687
3180883
3180914
3180965
3181076
3181104
3181149
3181201
3181280
3181414
3181437
3181515
3181624
3181874
3181986
3182085
3182268
3182284
3182367
3182380
3182410
3182507
3182563
3182659
3182829
3182853
3182870
3182909
3182997
3183003
3183010
3183056
3183069
3183166
3183306
3183388
3183430
3183531
3183579
3183661
3183755
3183801
3183995
3184064
3184122
3184426
3184432
3184569
3184616
3184639
3184770
3184952
3185136
3185369
3185374
3185391
3185511
3185597
3185802
3185868
3185877
3185884
3185895
3185901
3185935
3185946
3185978
3185980
3186015
3186047
3186071
3186138
3186156
3186241
3186397
3186885
3186955
3187011
3187032
3187060
3187116
3187184
3187678
3187680
3187756
3187807
3187918
3187951
3187985
3188043
3188084
3188183
3188197
3188424
3188535
3188578
3188580
3188599
3188796
3188898
3188925
3189055
3189063
3189106
3189114
3189495
3189551
3189573
3189746
3189780
3189889
3190010
3190042
3190091
3190166
3190283
3190306
3190353
3190418
3190427
3190449
3190462
3190505
3190557
3190586
3190652
3190661
3190763
3190801
3190835
3190916
3191048
3191072
3191287
3191364
3191402
3191450
3191530
3191611
3191626
3191658
3191660
3191675
3191845
3191915
3191920
3191982
3192070
3192088
3192092
3192148
3192264
3192434
3192476
3192489
3192604
3192708
3192733
3192802
3192895
3192901
3193017
3193052
3193089
3193173
3193196
3193246
3193321
3193339
3193368
3193414
3193441
3193515
3193655
3193681
3193760
3193891
3193912
3193998
3194241
3194265
3194270
3194288
3194326
3194358
3194375
3194446
3194545
3194593
3194612
3194623
3194721
3194818
3194981
3195016
3195077
3195197
3195233
3195352
3195463
3195472
3195567
3195606
3195614
3195629
3195670
3195749
3195857
3195886
3196096
3196100
3196176
3196313
3196335
3196378
3196442
3196581
3196615
3196620
3196694
3196705
3196841
3196960
3196975
3197080
3197263
3197373
3197433
3197482
3197584
3197638
3197700
3197745
3197761
3197832
3197844
3197883
3197970
3198079
3198230
3198262
3198363
3198381
3198574
3198643
3198650
3198668
3198706
3198989
3199009
3199058
3199143
3199276
3199315
3199366
3199514
3199541
3199570
3199588
3199872
3199918
3199927
3100311
3100397
3100948
3101294
3101501
3101554
3101578
3102635
3103101
3103324
3103336
3103411
3103714
3103770
3104370
3104388
3104531
3104676
3105971
3106046
3107313
3107620
3107865
3108636
3109065
3109148
3109286
3109303
3109493
3109526
3109583
3109877
3109954
3110239
3110712
3111031
3111336
3111616
3111792
3112001
3112035
3112236
3112638
3112734
3113517
3113589
3113743
3113750
3113830
3114377
3114594
3114648
3114726
3115121
3115646
3115836
3115927
3116087
3116341
3116404
3116600
3116645
3116854
3116921
3117342
3117391
3117400
3117821
3119233
3119334
3119448
3119704
3119805
3119898
3120235
3120278
3120453
3120508
3121308
3121592
3123609
3123658
3124100
3124128
3124313
3124731
3125510
3126053
3126070
3126107
3126240
3126532
3126747
3126766
3127297
3127365
3127451
3127719
3127781
3127921
3128066
3128206
3128326
3128721
3128818
3128896
3129105
3129179
3129408
3130019
3130562
3130920
3131198
3131318
3131327
3131728
3132012
3132079
3132324
3132753
3133032
3133200
3133949
3134155
3134461
3135094
3135241
3135664
3135721
3136334
3136389
3136606
3136688
3137196
3137797
3138117
3138322
3138410
3138659
3138694
3139056
3139353
3140285
3140737
3140808
3140894
3141821
3141839
3141999
3142036
3142269
3142495
3142609
3142660
3142908
3143158
3143266
3143282
3143554
3144656
3144776
3145130
3145957
3145986
3146217
3146514
3146699
3147631
3147657
3148120
3148260
3148598
3148846
3150144
3150448
3150501
3151189
3151202
3151301
3151442
3151555
3152017
3152104
3152350
3152453
3152655
3152760
3153303
3153434
3154075
3154083
3154184
3154333
3154514
3154863
3155329
3156048
3156188
3156527
3156660
3157273
3157882
3158327
3158539
3158937
3159156
3159784
3160181
3160190
3160342
3160696
3160720
3160747
3161191
3161777
3161885
3161896
3162540
3162977
3162995
3163145
3163911
3164609
3164767
3165304
3165826
3166339
3167077
3167158
3168116
3168195
3168217
3168996
3169023
3169199
3170293
3170680
3170819
3171748
3172103
3172142
3172500
3173013
3173219
3173568
3173584
3173638
3174160
3174233
3174991
3175313
3175346
3175620
3176101
3176729
3176770
3176847
3177024
3177203
3177908
3178181
3178240
3178673
3179118
3179213
3179492
3180179
3180373
3180471
3180793
3180941
3181052
3181093
3181594
3182731
3183074
3183283
3184525
3184538
3184542
3184788
3184866
3185356
3185604
3186292
3186784
3187083
3187514
3187710
3187962
3189007
3189609
3190617
3191331
3191767
3191834
3192286
3193076
3193299
3193377
3193429
3194169
3194435
3194862
3194924
3194990
3195126
3195688
3195704
3196216
3196548
3196911
3196983
3197224
3198227
3198458
3199464
3199592
3199819
