4500148
4500172
4500264
4500286
4500434
4500662
4500747
4500821
4500843
4500913
4500967
4500999
4501169
4501265
4501270
4501446
4501480
4501500
4501593
4501664
4501702
4501743
4501936
4501972
4502115
4502209
4502719
4502736
4502867
4502939
4503027
4503030
4503128
4503161
4503354
4503367
4503442
4503647
4503764
4503786
4503911
4503944
4503960
4503983
4504153
4504203
4504439
4504443
4504530
4504780
4504817
4505157
4505281
4505408
4505543
4505687
4505691
4505728
4505832
4506045
4506488
4506559
4506758
4506783
4506797
4506810
4506842
4507016
4507111
4507126
4507300
4507328
4507472
4507692
4507886
4507969
4508060
4508097
4508366
4508440
4508498
4508570
4508635
4508667
4508836
4509307
4509390
4509475
4509538
4509765
4509815
4509833
4509945
4510039
4510043
4510084
4510328
4510472
4510522
4510718
4510773
4510886
4510903
4510974
4511100
4511216
4511268
4511367
4511682
4511731
4511841
4511932
4511960
4512104
4512162
4512515
4512711
4512760
4512940
4513037
4513065
4513088
4513212
4513303
4513509
4513511
4513649
4513696
4513747
4513877
4514168
4514228
4514245
4514405
4514486
4514529
4514553
4514570
4514588
4514635
4514699
4514738
4514774
4514918
4514962
4515038
4515042
4515056
4515091
4515182
4515275
4515329
4515392
4515564
4515600
4515634
4515652
4515835
4515950
4516106
4516165
4516269
4516323
4516398
4516530
4516585
4516632
4516660
4516754
4516828
4516982
4517098
4517178
4517483
4517497
4517574
4517847
4517993
4518067
4518164
4518186
4518281
4518330
4518420
4518550
4518577
4518789
4518970
4519033
4519156
4519174
4519206
4519229
4519326
4519375
4519743
4519919
4520083
4520245
4520371
4520646
4520725
4520819
4521645
4521661
4521763
4521813
4521835
4521968
4522047
4522156
4522237
4522344
4522401
4522478
4522561
4522963
4522981
4523054
4523067
4523236
4523521
4523539
4523543
4523717
4523809
4523826
4523858
4524095
4524144
4524424
4524463
4524637
4524665
4524762
4524796
4524886
4524974
4525145
4525202
4525250
4525322
4525346
4525378
4525425
4525536
4525666
4525671
4526005
4526336
4526458
4526695
4526737
4526753
4526882
4526894
4526945
4527019
4527072
4527421
4527468
4527660
4527778
4527845
4527893
4527920
4527959
4528006
4528037
4528070
4528092
4528190
4528286
4528560
4528901
4529127
4529185
4529246
4529302
4529465
4529492
4529726
4529905
4529912
4530054
4530112
4530290
4530373
4530385
4530471
4530482
4530691
4530937
4531162
4531201
4531254
4531406
4531533
4531571
4531758
4531810
4531923
4532085
4532134
4532216
4532313
4532335
4532346
4532403
4532633
4532666
4533182
4533314
4533392
4533473
4533579
4533724
4533801
4533846
4533916
4533943
4534031
4534336
4534381
4534409
4534444
4534616
4534695
4534765
4534770
4534934
4535092
4535231
4535257
4535310
4535374
4535400
4535544
4535575
4535821
4535839
4535850
4535913
4536015
4536082
4536110
4536326
4536344
4536435
4536528
4536576
4536768
4536936
4536948
4537009
4537060
4537366
4537529
4537565
4537601
4537678
4537836
4537951
4537962
4538039
4538050
4538220
4538317
4538361
4538606
4538805
4538831
4538840
4539024
4539129
4539210
4539225
4539398
4539443
4539735
4539767
4539799
4539959
4540189
4540313
4540438
4540524
4540548
4540615
4540806
4540932
4540944
4540975
4540983
4541458
4541815
4541917
4541928
4541945
4542236
4542248
4542349
4542752
4542832
4543094
4543110
4543142
4543229
4543253
4543309
4543480
4543631
4543698
4543750
4543862
4543896
4544127
4544201
4544278
4544299
4544655
4544744
4544842
4544869
4544979
4544998
4545060
4545150
4545234
4545289
4545371
4545423
4545431
4545506
4545529
4545537
4545635
4545680
4545863
4546087
4546171
4546244
4546564
4546586
4546867
4547037
4547107
4547181
4547325
4547445
4547649
4547662
4547696
4547782
4547954
4547980
4548072
4548188
4548439
4548530
4548683
4548767
4548817
4549282
4549334
4549407
4549436
4549606
4549641
4549653
4549692
4549718
4549805
4549831
4549969
4549974
4550094
4550138
4550169
4550344
4550480
4550517
4550631
4550873
4550990
4551043
4551220
4551282
4551300
4551361
4551535
4551606
4551773
4552168
4552200
4552217
4552366
4552457
4552588
4552646
4552678
4552738
4552807
4552863
4552881
4552918
4553031
4553040
4553154
4553381
4553411
4553458
4553542
4553621
4553737
4553753
4553820
4553866
4553976
4554038
4554232
4554427
4554531
4554600
4554634
4554676
4554763
4554772
4554813
4554867
4554916
4554939
4555114
4555141
4555379
4555439
4555611
4555746
4555817
4556067
4556179
4556207
4556447
4556642
4557128
4557410
4557519
4557806
4557870
4557975
4558052
4558196
4558384
4558533
4558744
4558998
4559029
4559092
4559190
4559223
4559257
4559325
4559356
4559428
4559452
4560098
4560230
4560285
4560426
4560432
4560538
4560556
4560706
4560792
4560900
4561124
4561148
4561155
4561163
4561212
4561257
4561298
4561342
4561356
4561417
4561445
4561544
4561618
4561627
4561696
4561715
4561802
4561843
4561877
4561901
4562114
4562170
4562287
4562305
4562364
4562402
4562609
4562800
4563021
4563266
4563424
4563578
4563730
4563857
4563991
4564046
4564112
4564433
4564502
4564521
4564543
4564568
4565130
4565508
4565571
4565636
4565810
4565856
4566011
4566058
4566261
4566347
4566498
4566592
4566601
4566613
4566646
4566654
4566699
4566703
4566769
4566890
4566918
4567020
4567033
4567082
4567253
4567270
4567360
4567480
4567545
4567716
4567721
4567750
4568133
4568418
4568531
4568939
4568950
4569062
4569536
4569712
4569723
4569798
4569944
4570147
4570226
4570260
4570341
4570353
4570388
4570427
4570564
4570736
4570880
4570921
4570943
4571048
4571063
4571081
4571106
4571129
4571192
4571287
4571364
4571439
4571450
4571632
4571697
4571701
4571778
4571889
4572124
4572279
4572325
4572369
4572428
4572685
4572850
4572922
4572999
4573017
4573278
4573492
4573559
4573711
4573998
4574174
4574332
4574478
4575126
4575208
4575259
4575376
4575407
4575472
4575522
4575762
4575823
4575910
4575956
4576018
4576117
4576128
4576176
4576189
4576193
4576322
4576410
4576536
4576563
4576731
4577001
4577078
4577105
4577304
4577385
4577415
4577447
4577550
4577577
4577992
4578167
4578319
4578432
4578753
4578894
4578917
4578976
4579009
4579011
4579083
4579217
4579234
4579371
4579541
4579622
4579930
4580045
4580127
4580350
4580663
4580672
4580681
4581102
4581200
4581431
4581514
4581769
4581791
4581819
4581996
4582021
4582328
4582501
4582546
4582614
4582629
4582751
4582831
4583019
4583055
4583141
4583242
4583287
4583421
4583443
4583632
4583722
4583754
4583861
4583908
4583971
4584250
4584277
4584507
4584694
4584779
4584837
4584932
4584975
4585113
4585227
4585475
4585621
4585677
4585882
4585917
4585928
4586065
4586181
4586212
4586264
4586310
4586369
4586400
4586489
4586493
4586526
4586597
4586618
4586685
4586877
4586901
4586967
4587353
4587462
4587586
4587772
4587822
4587846
4588015
4588344
4588397
4588422
4588500
4588593
4588664
4588739
4588750
4588795
4588804
4589131
4589281
4589373
4589433
4589543
4589656
4589789
4589793
4589844
4589858
4589941
4589970
4590090
4590129
4590141
4590242
4590291
4590323
4590331
4590421
4590596
4590632
4590735
4590746
4590876
4590959
4591642
4591734
4591811
4591826
4592249
4592307
4592542
4592587
4592684
4592792
4593097
4593217
4593228
4593252
4593394
4593506
4593541
4593667
4593769
4593824
4593949
4593962
4594029
4594119
4594136
4594148
4594445
4594673
4594759
4594901
4594946
4595110
4595156
4595174
4595358
4595478
4595528
4595561
4595589
4595593
4595657
4595686
4595716
4595750
4595830
4595885
4595896
4596271
4596317
4596522
4596606
4596692
4596938
4596969
4597222
4597368
4597395
4597406
4597429
4598018
4598062
4598346
4598442
4598757
4598932
4599087
4599209
4599226
4599306
4599314
4599353
4599579
4599645
4599736
4599755
4599854
4599902
4599921
4599950
