5600685
5607111
5607334
5609882
5610831
5611284
5612343
5613006
5616072
5619309
5621645
5622750
5624501
5626319
5626847
5627799
5629726
5630272
5630761
5631594
5635325
5639861
5641101
5642625
5647286
5649376
5649688
5658343
5658758
5658825
5659575
5661088
5662439
5662828
5667191
5667716
5669456
5669731
5670902
5671697
5671845
5672342
5672651
5676100
5679116
5687074
5695082
5695605
5696084
5696749
5698712
5600124
5600136
5600240
5600264
5600279
5600356
5600434
5600445
5600509
5600708
5600850
5600877
5600922
5601174
5601206
5601326
5601332
5601454
5601500
5601589
5601686
5601784
5601827
5601851
5601896
5602010
5602025
5602069
5602087
5602147
5602159
5602275
5602337
5602365
5602540
5602755
5602995
5603100
5603193
5603487
5603608
5603705
5603798
5603814
5603837
5603892
5603944
5604036
5604188
5604225
5604291
5604421
5604443
5604450
5604477
5604504
5604518
5604551
5604658
5604799
5604800
5604971
5605001
5605035
5605078
5605123
5605248
5605327
5605408
5605550
5605595
5605642
5605745
5605875
5605941
5606000
5606017
5606127
5606339
5606406
5606441
5606453
5606566
5606672
5606760
5606874
5607183
5607233
5607352
5607393
5607481
5607688
5607692
5607840
5607879
5607942
5607974
5608044
5608139
5608150
5608228
5608289
5608308
5608412
5608457
5608479
5608570
5608622
5608635
5608769
5608872
5608930
5609005
5609178
5609249
5609372
5609381
5609426
5609483
5609538
5609587
5609677
5609706
5609788
5609815
5609894
5609928
5610050
5610084
5610463
5610490
5610535
5610614
5610653
5610727
5611096
5611117
5611335
5611438
5611487
5611519
5611615
5611647
5611659
5611666
5611694
5611757
5612093
5612130
5612173
5612185
5612299
5612339
5612350
5612559
5612663
5612709
5612758
5612810
5612842
5612957
5612986
5613041
5613088
5613092
5613124
5613544
5613649
5613794
5613922
5613946
5613967
5614143
5614252
5614333
5614394
5614405
5614498
5614791
5614918
5615003
5615209
5615244
5615341
5615462
5615473
5615586
5615676
5615689
5615719
5615822
5616055
5616081
5616129
5616331
5616439
5616799
5617079
5617098
5617227
5617285
5617296
5617307
5617444
5617574
5617621
5617677
5617866
5617900
5617989
5618022
5618054
5618067
5618164
5618198
5618236
5618351
5618420
5618459
5618516
5618550
5618728
5618745
5618752
5618776
5619033
5619047
5619110
5619138
5619169
5619206
5619229
5619292
5619413
5619534
5619576
5619623
5619862
5619936
5620009
5620026
5620032
5620102
5620184
5620195
5620252
5620320
5620359
5620423
5620738
5620807
5620872
5620890
5621025
5621171
5621182
5621260
5621306
5621365
5621579
5621628
5621707
5621822
5621867
5621880
5622214
5622422
5622478
5622623
5622721
5622768
5622849
5622907
5622955
5622963
5622990
5623022
5623080
5623198
5623207
5623224
5623236
5623330
5623373
5623577
5623625
5623700
5624002
5624068
5624160
5624175
5624259
5624376
5624424
5624436
5624751
5624785
5624840
5624864
5624910
5624974
5625073
5625128
5625301
5625322
5625410
5625563
5625590
5625633
5625740
5625960
5625975
5626023
5626098
5626180
5626227
5626251
5626336
5626426
5626458
5626460
5626602
5626993
5627024
5627036
5627048
5627055
5627165
5627323
5627364
5627484
5627518
5627549
5627585
5627683
5628065
5628119
5628136
5628148
5628231
5628257
5628342
5628391
5628400
5628428
5628509
5628511
5628604
5628766
5629052
5629076
5629089
5629222
5629280
5629711
5629825
5629856
5629912
5629979
5630067
5630105
5630131
5630219
5630351
5630408
5630420
5630459
5630466
5630471
5630625
5630642
5630656
5630793
5630811
5630883
5630965
5630970
5631052
5631149
5631151
5631185
5631201
5631278
5631302
5631316
5631465
5631520
5631566
5631619
5631648
5631663
5631797
5631825
5631856
5632073
5632085
5632134
5632161
5632189
5632216
5632239
5632313
5632322
5632438
5632671
5633056
5633069
5633074
5633159
5633306
5633314
5633353
5633365
5633586
5633598
5633634
5633736
5633781
5633801
5634031
5634122
5634199
5634218
5634348
5634363
5634426
5634444
5634460
5634587
5634602
5634650
5634833
5634871
5634976
5635107
5635163
5635231
5635240
5635279
5635476
5635509
5635526
5635532
5635597
5635618
5635630
5635673
5635816
5635839
5635901
5635913
5635935
5636253
5636358
5636500
5636623
5636849
5636851
5637044
5637228
5637359
5637431
5637457
5637514
5637654
5637703
5637756
5637855
5637927
5637973
5638002
5638039
5638068
5638132
5638259
5638345
5638637
5638670
5638704
5638812
5638857
5638925
5638938
5639072
5639090
5639137
5639269
5639312
5639364
5639416
5639439
5639450
5639549
5639644
5639799
5639845
5639876
5639908
5639947
5640027
5640145
5640202
5640469
5640536
5640581
5640590
5640615
5640779
5640798
5640865
5641064
5641122
5641336
5641381
5641432
5641460
5641503
5641538
5641695
5641900
5641934
5641945
5641989
5641993
5642105
5642123
5642219
5642281
5642304
5642471
5642482
5642832
5642844
5643071
5643082
5643142
5643174
5643237
5643270
5643358
5643397
5643454
5643545
5643589
5643593
5643623
5643777
5643804
5643830
5643919
5644028
5644052
5644213
5644254
5644316
5644395
5644429
5644441
5644492
5644547
5644648
5644711
5644797
5644856
5645044
5645143
5645200
5645234
5645359
5645394
5645412
5645423
5645464
5645479
5645486
5645553
5645646
5645654
5645738
5645791
5646038
5646091
5646194
5646598
5646600
5646634
5646748
5646781
5646899
5646939
5646984
5647041
5647434
5647476
5647489
5647630
5647759
5648007
5648019
5648291
5648484
5648530
5648585
5648778
5648780
5648799
5648828
5648889
5649111
5649300
5649328
5649419
5649424
5649580
5649629
5649773
5649938
5650015
5650110
5650253
5650309
5650397
5650435
5650446
5650552
5650576
5650593
5650623
5650657
5650698
5650777
5651328
5651334
5651501
5651704
5651857
5651864
5652026
5652116
5652150
5652168
5652228
5652234
5652252
5652289
5652506
5652680
5652756
5652807
5652824
5652836
5652848
5652904
5652918
5653005
5653064
5653086
5653167
5653204
5653227
5653230
5653348
5653542
5653684
5653770
5653882
5653900
5654108
5654115
5654166
5654182
5654353
5654557
5654617
5654661
5654781
5654880
5655019
5655072
5655141
5655170
5655210
5655225
5655274
5655287
5655340
5655421
5655611
5655889
5656013
5656131
5656157
5656219
5656263
5656330
5656433
5656466
5656826
5656858
5656883
5656965
5657018
5657346
5657354
5657367
5657438
5657705
5657798
5658034
5658246
5658278
5658384
5658453
5658492
5658520
5658744
5658760
5658810
5658838
5658842
5658869
5658931
5659088
5659148
5659181
5659428
5659445
5659452
5659558
5659630
5659649
5659662
5659771
5659850
5659884
5659999
5660146
5660178
5660251
5660319
5660363
5660409
5660503
5660510
5660677
5660706
5660808
5660847
5660934
5660952
5660961
5660976
5661119
5661148
5661264
5661303
5661391
5661428
5661476
5661509
5661558
5661782
5661821
5661877
5661895
5661922
5661946
5661978
5662106
5662141
5662484
5662562
5662609
5662660
5662675
5662780
5662852
5663039
5663158
5663208
5663259
5663334
5663361
5663407
5663424
5663436
5663546
5663641
5663805
5663823
5663831
5663942
5663969
5663991
5664054
5664179
5664224
5664385
5664415
5664471
5664543
5664752
5664826
5664858
5664860
5665061
5665093
5665316
5665368
5665566
5665672
5665760
5665825
5665912
5665940
5666011
5666032
5666044
5666143
5666245
5666261
5666289
5666308
5666537
5666565
5666622
5666774
5666807
5666848
5666881
5666930
5667020
5667033
5667094
5667326
5667383
5667664
5667777
5667804
5667873
5667907
5667963
5667981
5668074
5668258
5668341
5668388
5668451
5668462
5668531
5668634
5668707
5668781
5668790
5668835
5668854
5669474
5669536
5669633
5669779
5669837
5670038
5670069
5670108
5670337
5670496
5670505
5670564
5670598
5670600
5670628
5670977
5671019
5671055
5671090
5671106
5671137
5671141
5671357
5671364
5671421
5671450
5671527
5671596
5671660
5671722
5671767
5671780
5672065
5672124
5672190
5672223
5672264
5672303
5672310
5672338
5672417
5672428
5672630
5672715
5672747
5672759
5672816
5672954
5672978
5673076
5673093
5673267
5673395
5673441
5673559
5673607
5673681
5673775
5673825
5673874
5673957
5673986
5673998
5674125
5674187
5674191
5674229
5674309
5674375
5674446
5674478
5674698
5674768
5675160
5675215
5675282
5675345
5675352
5675490
5675535
5675578
5675599
5675730
5675762
5675857
5676018
5676049
5676152
5676268
5676474
5676841
5676909
5677035
5677396
5677482
5677550
5677568
5677656
5677669
5677700
5677745
5677826
5677860
5677965
5678023
5678135
5678227
5678307
5678336
5678390
5678574
5678587
5678602
5678677
5678714
5678792
5678815
5678976
5679011
5679075
5679102
5679315
5679347
5679371
5679423
5679464
5679506
5679565
5679613
5679756
5679787
5679848
5679927
5679949
5680185
5680196
5680533
5680655
5680758
5680874
5680940
5680957
5680986
5681075
5681184
5681217
5681276
5681382
5681592
5681703
5681742
5681824
5681855
5681872
5681962
5682160
5682220
5682247
5682334
5682352
5682436
5682599
5682665
5682749
5682805
5683019
5683048
5683106
5683137
5683210
5683256
5683357
5683450
5683518
5683562
5683609
5683713
5683746
5683876
5683889
5683966
5684100
5684117
5684216
5684277
5684442
5684456
5684694
5684814
5685154
5685307
5685319
5685336
5685381
5685510
5685525
5685542
5685569
5685587
5685714
5685729
5685741
5685945
5685976
5685989
5685993
5686041
5686053
5686065
5686223
5686325
5686509
5686560
5686575
5686597
5686618
5686649
5686839
5686850
5686913
5687003
5687010
5687147
5687211
5687226
5687275
5687297
5687392
5687462
5687473
5687496
5687579
5687598
5687724
5687755
5687880
5688082
5688110
5688125
5688288
5688344
5688358
5688435
5688480
5688589
5688640
5688686
5688955
5688963
5689131
5689164
5689272
5689281
5689415
5689433
5689466
5689471
5689687
5689691
5689717
5689776
5689789
5690153
5690203
5690287
5690340
5690386
5690443
5690450
5690609
5690799
5690817
5690947
5690971
5691054
5691067
5691112
5691164
5691198
5691248
5691318
5691717
5691811
5691858
5691906
5692204
5692230
5692273
5692336
5692426
5692460
5692695
5692770
5692871
5692917
5692934
5693097
5693168
5693217
5693347
5693423
5693514
5693613
5693699
5693725
5693769
5693848
5693881
5693996
5694264
5694461
5694511
5694630
5694766
5694794
5694868
5694877
5695265
5695288
5695332
5695344
5695401
5695413
5695576
5695589
5695593
5695612
5695743
5695750
5695777
5695851
5695873
5695907
5695963
5696050
5696317
5696376
5696448
5696513
5696522
5696796
5696831
5696879
5696942
5696969
5697017
5697045
5697089
5697196
5697246
5697350
5697368
5697533
5697571
5697619
5697760
5697775
5697842
5697905
5698189
5698367
5698581
5698608
5698633
5698682
5698723
5698740
5698757
5698975
5699025
5699147
5699306
5699314
5699427
5699598
5699634
5699763
5699772
5699867
5699899
5600065
5600696
5601094
5602166
5602283
5602430
5602950
5603018
5603202
5603313
5603888
5604210
5605080
5605157
5605396
5605521
5605638
5605897
5606810
5607247
5607407
5608252
5608394
5609230
5609296
5609319
5609348
5609355
5609569
5609650
5610068
5610317
5610730
5610749
5610925
5610974
5611403
5611491
5612838
5612874
5612887
5613279
5613604
5613980
5614026
5614613
5615038
5616675
5616778
5616893
5616971
5617101
5617319
5617706
5617729
5618447
5618603
5619015
5619326
5620592
5620927
5621003
5622237
5622344
5623793
5623929
5624016
5624271
5624328
5625277
5625380
5625456
5625892
5625958
5626199
5626729
5626882
5627192
5627609
5628532
5628627
5628782
5628913
5629196
5629267
5629470
5630610
5631162
5631533
5631690
5631709
5631869
5632100
5632202
5632491
5632555
5634230
5634324
5634381
5634706
5634820
5634866
5635338
5635400
5636015
5636288
5637347
5637769
5637791
5637824
5637962
5638077
5638208
5638282
5638419
5638424
5639398
5639767
5640216
5640456
5640944
5641098
5641249
5641296
5641770
5642255
5642327
5642941
5643360
5643896
5644321
5645514
5645996
5646540
5646645
5646921
5647107
5647279
5648048
5648402
5649016
5649599
5649614
5650187
5650478
5650768
5650849
5650936
5651050
5651215
5651220
5651436
5651535
5652139
5652315
5652412
5652592
5653135
5653372
5653381
5653503
5654171
5654314
5654337
5654430
5654598
5654748
5654790
5654984
5655477
5655504
5656420
5656516
5656832
5656914
5657128
5657239
5657250
5657563
5657608
5657983
5657997
5658594
5659205
5660005
5661037
5661205
5661257
5661452
5662153
5662549
5662876
5663016
5663144
5663455
5663751
5663903
5664304
5664970
5665076
5665339
5665508
5665663
5665931
5665964
5666139
5666359
5666394
5666678
5667103
5667500
5667657
5668010
5668087
5668297
5668449
5668523
5668564
5668617
5669193
5669284
5669295
5669469
5669659
5670087
5670867
5671256
5672163
5672286
5673222
5673316
5673672
5673803
5674059
5674311
5674885
5675095
5675692
5676346
5676378
5676491
5676757
5676814
5676958
5677067
5677937
5678538
5679121
5679195
5679333
5680034
5680280
5680690
5680744
5681009
5681116
5681366
5681394
5682578
5682974
5683312
5683800
5684152
5684620
5684888
5685178
5685409
5685792
5686257
5686279
5686673
5687370
5688534
5689373
5689642
5690007
5691186
5691875
5691953
5692650
5692788
5693009
5693412
5693464
5693479
5693807
5694720
5694802
5695071
5695138
5695214
5695422
5695686
5696109
5696886
5697429
5697566
5697663
5697758
5697803
5698378
5698403
5698438
5699485
5699736
5699822
