5400528
5407572
5409850
5411086
5413071
5414280
5414709
5416353
5421083
5422345
5426286
5427902
5428593
5429080
5432503
5433083
5435413
5439329
5439781
5440574
5441618
5444408
5444568
5444595
5445760
5451346
5451507
5451563
5454570
5454774
5457079
5462899
5463004
5464137
5465761
5466624
5468457
5468514
5470872
5474436
5474606
5477959
5480157
5482548
5485298
5486253
5488554
5488580
5488974
5489203
5489683
5489966
5492476
5495812
5499143
5400059
5400191
5400206
5400241
5400265
5400288
5400309
5400397
5400467
5400640
5400664
5400818
5400896
5400907
5400963
5400981
5400990
5401002
5401016
5401021
5401043
5401084
5401144
5401158
5401352
5401424
5401490
5401522
5401629
5401641
5401718
5401898
5401938
5401987
5402116
5402139
5402168
5402261
5402405
5402588
5402592
5402774
5402881
5402985
5403040
5403180
5403230
5403262
5403324
5403510
5403602
5403639
5403684
5403792
5403820
5403961
5404244
5404418
5404523
5404724
5404755
5404899
5404921
5404939
5404977
5405450
5405527
5405701
5405754
5405817
5405889
5405908
5405982
5406022
5406248
5406255
5406263
5406420
5406502
5406625
5406906
5407193
5407243
5407284
5407346
5407354
5407474
5407491
5407548
5407555
5407590
5407647
5407814
5407853
5407911
5408000
5408028
5408127
5408185
5408246
5408321
5408343
5408368
5408437
5408533
5408607
5408619
5408690
5408825
5408842
5408923
5409181
5409212
5409223
5409231
5409286
5409342
5409673
5409715
5409946
5409954
5409980
5410301
5410335
5410346
5410438
5410536
5410590
5410620
5410798
5410841
5410870
5411064
5411098
5411101
5411178
5411458
5411483
5411525
5411542
5411847
5411859
5412013
5412054
5412080
5412157
5412186
5412281
5412290
5412362
5412459
5412494
5412625
5412789
5412826
5412832
5412941
5413066
5413082
5413253
5413534
5413702
5413716
5413873
5414045
5414076
5414104
5414267
5414377
5414508
5414681
5414758
5414842
5414912
5414979
5415083
5415102
5415320
5415347
5415366
5415506
5415703
5415791
5415819
5415872
5415881
5415949
5415951
5415962
5415985
5416038
5416108
5416120
5416147
5416232
5416341
5416404
5416418
5416676
5416790
5416801
5416813
5416822
5416899
5417119
5417181
5417374
5417452
5417509
5417526
5417558
5417618
5417696
5417733
5417759
5417935
5417978
5418048
5418081
5418106
5418170
5418323
5418450
5418477
5418746
5418754
5418834
5418861
5418908
5419043
5419144
5419160
5419197
5419247
5419266
5419578
5419637
5419653
5419692
5419749
5419864
5419879
5420028
5420034
5420118
5420151
5420173
5420201
5420254
5420321
5420343
5420377
5420437
5420594
5420655
5420744
5420783
5420869
5420874
5420923
5420931
5421116
5421143
5421228
5421315
5421320
5421333
5421423
5421440
5421479
5421529
5421622
5421635
5421819
5421872
5421996
5422175
5422215
5422282
5422407
5422567
5422653
5422688
5422704
5423055
5423129
5423242
5423527
5423626
5423660
5423845
5423876
5423915
5423947
5423971
5424335
5424367
5424548
5424555
5424608
5424620
5424723
5424764
5424892
5424911
5424926
5425023
5425296
5425319
5425355
5425390
5425503
5425525
5425542
5425668
5425695
5425729
5425770
5425788
5425859
5426088
5426107
5426181
5426356
5426369
5426476
5426511
5426597
5426696
5426759
5426816
5427010
5427091
5427297
5427451
5427462
5427600
5427617
5427652
5427719
5427724
5427781
5427790
5427801
5427822
5427878
5428015
5428059
5428094
5428169
5428174
5428311
5428344
5428383
5428552
5428702
5428963
5429067
5429157
5429186
5429385
5429466
5429516
5429568
5429809
5429832
5429914
5429970
5430063
5430141
5430287
5430291
5430443
5430551
5430596
5430722
5430780
5430828
5430834
5430876
5430893
5431179
5431304
5431318
5431447
5431482
5431539
5431550
5431568
5431610
5431992
5432031
5432113
5432204
5432355
5432372
5432381
5432390
5432483
5432737
5432945
5433009
5433195
5433333
5433756
5433787
5433807
5433863
5433930
5433973
5434070
5434257
5434303
5434325
5434356
5434369
5434400
5434913
5434967
5435125
5435174
5435214
5435265
5435288
5435358
5435500
5435545
5435552
5435561
5435576
5435664
5435784
5436039
5436068
5436126
5436220
5436294
5436334
5436419
5436614
5436670
5436692
5436718
5436762
5437000
5437017
5437052
5437162
5437566
5437624
5437709
5437775
5437797
5437810
5437842
5438051
5438062
5438073
5438202
5438313
5438335
5438399
5438491
5438519
5438620
5438647
5438666
5438705
5438712
5438723
5438764
5438779
5438926
5438932
5439010
5439042
5439069
5439087
5439091
5439108
5439430
5439451
5439505
5439531
5439645
5439719
5439822
5439835
5440079
5440086
5440101
5440135
5440178
5440355
5440381
5440426
5440432
5440460
5440510
5440820
5440847
5440952
5440976
5441006
5441065
5441070
5441136
5441163
5441342
5441369
5441400
5441651
5441696
5441843
5441978
5442007
5442024
5442055
5442063
5442129
5442274
5442439
5442495
5443109
5443175
5443282
5443448
5443455
5443796
5443886
5444054
5444099
5444112
5444248
5444290
5444373
5444396
5444459
5444466
5444482
5444502
5444539
5444603
5444656
5444700
5444728
5444809
5444826
5444860
5444897
5444937
5444965
5444970
5445000
5445104
5445201
5445299
5445343
5445441
5445453
5445515
5445582
5445732
5445842
5445874
5445998
5446058
5446075
5446083
5446116
5446121
5446143
5446184
5446347
5446359
5446405
5446440
5446680
5446791
5446848
5446930
5447015
5447020
5447033
5447071
5447187
5447383
5447561
5447657
5447698
5447849
5447885
5447919
5448042
5448244
5448388
5448451
5448512
5448772
5448921
5448984
5449051
5449073
5449152
5449202
5449268
5449295
5449487
5449536
5449647
5450197
5450271
5450300
5450361
5450393
5450407
5450522
5450864
5450956
5450987
5450991
5451030
5451073
5451176
5451202
5451354
5451380
5451438
5451456
5451555
5451620
5451740
5451757
5451829
5451841
5451870
5451892
5451932
5451975
5452076
5452173
5452246
5452343
5452488
5452619
5452874
5453041
5453342
5453387
5453445
5453558
5453618
5453708
5453733
5453967
5454044
5454058
5454060
5454102
5454177
5454252
5454308
5454486
5454541
5454622
5454710
5454756
5454836
5454872
5454881
5454890
5455108
5455226
5455244
5455260
5455283
5455314
5455337
5455370
5455392
5455418
5455512
5455531
5455557
5455661
5455880
5456055
5456072
5456225
5456305
5456450
5456530
5456611
5456701
5456893
5456971
5457005
5457064
5457122
5457180
5457227
5457324
5457348
5457363
5457372
5457444
5457616
5457684
5457695
5457714
5457820
5457859
5457917
5457934
5457993
5458001
5458022
5458054
5458099
5458140
5458396
5458625
5458642
5458761
5458929
5459156
5459311
5459401
5459623
5459721
5459851
5459885
5460092
5460325
5460452
5460461
5460843
5460850
5460868
5461103
5461110
5461125
5461169
5461422
5461534
5461686
5461739
5461873
5462147
5462244
5462260
5462388
5462427
5462634
5462645
5462652
5462661
5462880
5463049
5463073
5463100
5463145
5463380
5463410
5463469
5463548
5463633
5463853
5463888
5464024
5464063
5464129
5464242
5464291
5464439
5464495
5464562
5464658
5464746
5464767
5464800
5464845
5464861
5464889
5464893
5464947
5464971
5465099
5465186
5465207
5465327
5465447
5465471
5465521
5465539
5465776
5465897
5465906
5465953
5465970
5466196
5466429
5466453
5466520
5466648
5466672
5466690
5466803
5466964
5466998
5467068
5467095
5467271
5467328
5467419
5467535
5467554
5467688
5467692
5467805
5467823
5467840
5467910
5468083
5468102
5468139
5468228
5468333
5468382
5468405
5468613
5468738
5468791
5468863
5468904
5468949
5469113
5469204
5469262
5469307
5469355
5469411
5469639
5469668
5470405
5470412
5470553
5470570
5470678
5470949
5470973
5471010
5471091
5471226
5471283
5471531
5471564
5471600
5471736
5471813
5471943
5472020
5472103
5472187
5472344
5472640
5472702
5472743
5472849
5472963
5473001
5473112
5473123
5473327
5473373
5473550
5473577
5473625
5473638
5473656
5473734
5473826
5473929
5474317
5474407
5474424
5474599
5474641
5474688
5474730
5474751
5474785
5474886
5474910
5474938
5475027
5475100
5475134
5475202
5475216
5475221
5475399
5475403
5475456
5475469
5475581
5475666
5475892
5476122
5476178
5476262
5476307
5476319
5476458
5476538
5476639
5476706
5476871
5476934
5477055
5477063
5477188
5477402
5477611
5477722
5477852
5477876
5477908
5478070
5478148
5478231
5478342
5478391
5478445
5478461
5478651
5478673
5478696
5478708
5478967
5479151
5479201
5479235
5479316
5479339
5479368
5479384
5479441
5479470
5479488
5479709
5479940
5479957
5479979
5480179
5480304
5480471
5480568
5480717
5480809
5480844
5480914
5481028
5481149
5481151
5481196
5481222
5481377
5481414
5481453
5481470
5481619
5481636
5481690
5481783
5481797
5481905
5482004
5482027
5482152
5482189
5482354
5482410
5482519
5482555
5482590
5482798
5482837
5482892
5482944
5482958
5482983
5482997
5483003
5483069
5483120
5483226
5483329
5483341
5483418
5483755
5483790
5483813
5483822
5483939
5483977
5484064
5484086
5484204
5484230
5484336
5484363
5484372
5484381
5484458
5484542
5484574
5484621
5484643
5484650
5484695
5484729
5484928
5485065
5485231
5485257
5485264
5485303
5485374
5485387
5485391
5485428
5485618
5485901
5486047
5486082
5486206
5486265
5486499
5486561
5486631
5486679
5486743
5486750
5486795
5486873
5486972
5487150
5487177
5487184
5487261
5487464
5487529
5487710
5487855
5487973
5487996
5488109
5488197
5488271
5488334
5488546
5488599
5488641
5488653
5488704
5488727
5488730
5488762
5488796
5488812
5488831
5488910
5489063
5489129
5489238
5489331
5489379
5489402
5489450
5489518
5489551
5489611
5489701
5489746
5489778
5489780
5490120
5490171
5490329
5490462
5490540
5490676
5490707
5490867
5490939
5490984
5491007
5491256
5491287
5491323
5491386
5491416
5491573
5491609
5491626
5491658
5491675
5491713
5491852
5491966
5491982
5492190
5492205
5492231
5492374
5492452
5492493
5492526
5492662
5492850
5493052
5493235
5493316
5493321
5493429
5493437
5493515
5493681
5493760
5493797
5493887
5493940
5494142
5494174
5494206
5494360
5494375
5494413
5494480
5494517
5494561
5494593
5494640
5494702
5494743
5494768
5494862
5494924
5495016
5495183
5495282
5495294
5495424
5495490
5495578
5495670
5495688
5495751
5495942
5495956
5496018
5496030
5496062
5496128
5496221
5496243
5496399
5496456
5496474
5496507
5496536
5496563
5496608
5496723
5496829
5496841
5496853
5496892
5497022
5497078
5497281
5497318
5497420
5497433
5497494
5497516
5497550
5497584
5497595
5497965
5497970
5498023
5498098
5498113
5498227
5498262
5498296
5498458
5498510
5498525
5498587
5498621
5498643
5498695
5498737
5498753
5498859
5498882
5498934
5499032
5499234
5499252
5499382
5499394
5499440
5499457
5499622
5499646
5400605
5400686
5400972
5401197
5401389
5401812
5401857
5401974
5402011
5402289
5402320
5402333
5402412
5402486
5402678
5402787
5402904
5402930
5403273
5403871
5404038
5404056
5404087
5404091
5404404
5404430
5404564
5404598
5404689
5404707
5404984
5405495
5406099
5406408
5406937
5407100
5407322
5407633
5407909
5408034
5408302
5408429
5408998
5409107
5409155
5409374
5410469
5411122
5411556
5411765
5413435
5413561
5413851
5414118
5414254
5414343
5414395
5414520
5414856
5414874
5414923
5415431
5415601
5416056
5416314
5416365
5416719
5416763
5417070
5417720
5417802
5418269
5418305
5418585
5418701
5419271
5419361
5419424
5419670
5419898
5420280
5420571
5420726
5420803
5421431
5421486
5421565
5422050
5422751
5422823
5422840
5422857
5423210
5423778
5424193
5424284
5424442
5425135
5425348
5425363
5425411
5425602
5425741
5425847
5426223
5426428
5426708
5427365
5427449
5427736
5428066
5428686
5429543
5429642
5429906
5429988
5430192
5431035
5431236
5431826
5431883
5433440
5433738
5434148
5434155
5434212
5434223
5434264
5434445
5434604
5434673
5435375
5436282
5436490
5437441
5437825
5437912
5438268
5438295
5438403
5438837
5439337
5440180
5440227
5440251
5440643
5440792
5440917
5441148
5441212
5441954
5442287
5442386
5442421
5442780
5442817
5443751
5443762
5443987
5444349
5444953
5445744
5446177
5446195
5446261
5446863
5446904
5446985
5447094
5447576
5447963
5448147
5448283
5448337
5448462
5448902
5449410
5450021
5450455
5450578
5451134
5451268
5451378
5451888
5452130
5452655
5452663
5452726
5453452
5453877
5453980
5454116
5454366
5455091
5456007
5456439
5456495
5456632
5456658
5456799
5456908
5458207
5459047
5459138
5459332
5459500
5459589
5459686
5459896
5459936
5459972
5460041
5460172
5460240
5460618
5461545
5461716
5462056
5462523
5462628
5462755
5462822
5462984
5463277
5463829
5463909
5464331
5464933
5465255
5465281
5465466
5466957
5467111
5467197
5467376
5468359
5468769
5468819
5469230
5469475
5469900
5470168
5470195
5470308
5470479
5470506
5470791
5470848
5471003
5471297
5471523
5471854
5472214
5473219
5473482
5473516
5473809
5473858
5474039
5474109
5474513
5474670
5475410
5475705
5475740
5475926
5476012
5476251
5476497
5477421
5477735
5477828
5477834
5478037
5478107
5478310
5478843
5478877
5479343
5479571
5479594
5480761
5481093
5481280
5482062
5483275
5483661
5483880
5484040
5484262
5484319
5484503
5485400
5485526
5485544
5487139
5487738
5487962
5488317
5488393
5489170
5489495
5489994
5490283
5490451
5490661
5490899
5490950
5491495
5491596
5491632
5491971
5492172
5492387
5492428
5492821
5493061
5494241
5494698
5495160
5495334
5495704
5495925
5496367
5496410
5497067
5497408
5497625
5498204
5498556
5499011
5499570
