4401312
4403566
4404309
4404784
4409601
4411343
4412027
4412944
4413763
4418501
4423886
4424584
4425052
4425508
4428523
4430158
4430670
4432201
4433279
4434774
4434855
4436055
4436701
4437409
4439059
4439066
4439103
4439467
4440339
4440655
4441863
4444030
4445122
4446155
4448241
4450551
4451236
4453252
4453774
4455716
4456126
4456448
4456987
4458277
4460195
4461115
4463198
4463248
4465456
4465620
4466122
4467468
4469465
4470136
4472166
4472943
4473085
4473335
4474019
4475809
4478553
4478646
4480145
4482433
4486091
4488225
4488778
4491220
4491599
4494763
4494822
4495364
4400042
4400074
4400133
4400166
4400244
4400260
4400353
4400462
4400579
4400617
4400693
4400736
4400867
4400921
4400943
4401170
4401203
4401242
4401269
4401291
4401340
4401450
4401697
4401778
4401966
4401971
4402065
4402461
4402509
4402511
4402597
4402720
4402821
4402901
4402980
4402999
4403052
4403061
4403118
4403213
4403254
4403368
4403414
4403441
4403520
4403594
4403624
4403655
4403711
4403760
4403825
4403856
4403905
4404008
4404047
4404071
4404169
4404360
4404446
4404528
4404623
4404631
4404750
4404948
4405175
4405282
4405345
4405352
4405376
4405490
4405578
4405641
4405898
4406049
4406176
4406216
4406425
4406555
4406563
4406572
4406608
4406647
4406764
4406853
4406892
4406909
4406997
4407013
4407046
4407105
4407186
4407219
4407255
4407290
4407327
4407415
4407516
4407691
4407717
4407734
4407793
4407809
4407832
4407883
4408146
4408296
4408475
4408542
4408668
4408684
4408706
4408792
4408833
4408882
4408928
4408989
4409009
4409143
4409150
4409261
4409308
4409457
4409622
4409738
4409756
4409774
4409872
4409881
4409973
4410219
4410248
4410255
4410327
4410396
4410610
4410642
4410691
4410734
4410844
4410858
4410883
4411406
4411547
4411594
4411681
4411690
4411803
4411923
4412004
4412018
4412051
4412145
4412346
4412425
4412487
4412507
4412615
4412633
4412682
4412705
4412712
4412757
4412865
4412892
4412975
4413038
4413108
4413120
4413232
4413370
4413404
4413418
4413430
4413462
4413505
4413689
4413790
4414122
4414199
4414218
4414475
4414503
4414569
4414602
4414684
4414833
4414859
4415070
4415181
4415205
4415257
4415391
4415662
4415720
4415766
4415877
4415935
4416008
4416142
4416187
4416480
4416631
4416750
4416768
4416830
4416862
4416896
4416907
4416955
4417139
4417228
4417464
4417592
4417601
4417738
4417904
4417927
4417985
4418043
4418259
4418294
4418328
4418436
4418688
4418718
4418857
4418925
4418969
4418987
4419192
4419269
4419274
4419416
4419626
4419683
4419735
4419778
4419780
4419834
4419861
4419966
4420098
4420113
4420199
4420218
4420249
4420319
4420324
4420363
4420444
4420510
4420542
4420706
4420833
4420882
4421053
4421092
4421119
4421223
4421231
4421286
4421369
4421387
4421509
4421526
4421560
4421618
4421627
4421662
4421747
4421771
4421843
4421877
4421935
4421954
4421999
4422114
4422137
4422210
4422287
4422323
4422398
4422416
4422596
4422767
4422852
4422861
4422876
4422920
4423144
4423160
4423183
4423328
4423463
4423614
4423730
4423805
4423823
4423857
4423864
4423898
4423903
4423910
4424099
4424131
4424330
4424420
4424539
4424568
4424610
4424793
4424809
4424875
4425034
4425093
4425127
4425299
4425368
4425406
4425465
4425515
4425709
4425783
4425940
4425979
4426009
4426245
4426371
4426382
4426486
4426601
4426863
4426872
4426881
4427008
4427066
4427125
4427169
4427292
4427332
4427360
4427435
4427499
4427784
4427827
4427919
4427955
4428038
4428171
4428232
4428244
4428283
4428341
4428353
4428505
4428598
4428736
4428943
4429051
4429145
4429152
4429216
4429239
4429250
4429346
4429425
4429456
4429870
4429909
4429932
4430050
4430132
4430208
4430282
4430300
4430328
4430419
4430424
4430490
4430501
4430535
4430554
4430578
4430614
4430879
4430974
4431073
4431250
4431438
4431620
4431666
4431779
4431911
4432185
4432196
4432254
4432321
4432406
4432437
4432441
4432465
4432492
4432566
4432663
4432672
4432709
4432732
4432760
4432797
4432856
4432891
4432923
4433029
4433037
4433053
4433088
4433092
4433107
4433163
4433310
4433575
4433604
4433630
4433954
4433967
4434009
4434060
4434177
4434195
4434289
4434315
4434359
4434498
4434514
4434592
4434635
4434738
4435042
4435166
4435258
4435260
4435392
4435512
4435617
4435634
4435707
4435755
4435880
4435899
4435902
4435977
4436165
4436291
4436323
4436398
4436585
4436722
4436971
4437079
4437135
4437167
4437348
4437390
4437444
4437788
4437871
4438001
4438035
4438131
4438198
4438224
4438466
4438502
4438625
4438669
4438674
4438832
4438875
4438929
4438992
4439142
4439241
4439292
4439309
4439360
4439478
4439545
4439576
4439750
4439784
4439804
4439862
4439885
4439955
4439972
4440076
4440127
4440130
4440173
4440201
4440350
4440453
4440520
4440533
4440571
4440582
4440624
4440838
4440940
4440998
4441083
4441139
4441177
4441347
4441464
4441479
4441506
4441514
4441601
4441635
4441703
4441710
4441996
4442077
4442126
4442266
4442300
4442490
4442522
4442831
4443063
4443081
4443129
4443141
4443210
4443269
4443398
4443416
4443439
4443443
4443530
4443549
4443767
4443828
4443834
4443861
4444073
4444100
4444216
4444277
4444301
4444335
4444367
4444491
4444536
4444786
4444958
4445040
4445057
4445218
4445296
4445348
4445483
4445677
4445706
4445871
4446037
4446053
4446400
4446526
4446901
4446980
4446999
4447182
4447275
4447283
4447365
4447370
4447512
4447531
4447557
4447628
4447755
4447790
4447801
4447846
4447867
4447939
4447977
4448047
4448125
4448265
4448292
4448311
4448344
4448413
4448435
4448499
4448664
4448743
4448750
4448768
4448896
4448919
4448963
4449067
4449179
4449577
4449625
4449674
4449687
4449793
4450019
4450114
4450129
4450305
4450364
4450530
4450780
4450799
4450845
4450966
4450994
4451035
4451046
4451080
4451123
4451224
4451248
4451255
4451577
4451625
4451793
4451929
4451970
4452122
4452146
4452178
4452324
4452432
4452460
4452542
4452714
4453058
4453083
4453320
4453366
4453405
4453710
4453756
4453787
4453791
4453930
4453973
4454037
4454065
4454155
4454181
4454205
4454212
4454264
4454489
4454511
4454532
4454575
4454627
4454782
4454884
4454935
4455094
4455103
4455326
4455446
4455517
4455576
4455739
4455795
4455827
4456068
4456436
4456490
4456501
4456513
4456535
4456670
4456730
4456749
4456840
4456864
4457061
4457278
4457343
4457437
4457465
4457726
4457869
4457957
4457998
4458301
4458380
4458524
4458731
4458870
4458892
4459091
4459159
4459283
4459462
4459598
4459652
4459676
4459719
4459880
4459921
4460011
4460060
4460097
4460121
4460245
4460261
4460333
4460347
4460479
4460787
4460819
4460985
4461003
4461147
4461260
4461392
4461512
4461557
4461661
4461724
4461899
4462174
4462187
4462206
4462383
4462401
4462478
4462480
4462517
4462534
4462593
4462679
4462739
4462804
4462830
4463001
4463186
4463219
4463420
4463584
4463860
4463929
4463992
4464002
4464043
4464109
4464111
4464160
4464247
4464300
4464352
4464463
4464472
4464796
4464942
4464969
4464991
4465027
4465295
4465410
4465438
4465581
4465659
4465671
4465731
4465757
4465764
4465806
4465841
4465958
4465975
4466057
4466098
4466154
4466218
4466381
4466538
4466643
4466677
4466792
4466815
4466993
4467238
4467340
4467386
4467439
4467504
4467746
4467876
4467966
4467994
4468489
4468978
4469104
4469201
4469316
4469350
4469547
4469624
4469672
4469681
4469775
4469783
4469856
4469874
4469891
4470041
4470240
4470257
4470434
4470630
4470708
4470715
4470843
4470884
4470901
4471066
4471206
4471270
4471413
4471435
4471478
4471499
4471561
4471804
4471827
4471896
4471972
4471990
4472087
4472115
4472133
4472244
4472341
4472418
4472462
4472512
4472736
4472748
4472755
4472878
4472916
4472921
4472995
4473004
4473128
4473221
4473313
4473399
4473474
4473563
4473608
4473615
4473731
4473740
4473798
4473926
4473975
4473997
4474007
4474055
4474114
4474141
4474210
4474274
4474386
4474549
4474675
4474817
4474845
4474852
4474861
4474971
4475112
4475236
4475263
4475373
4475471
4475539
4475625
4475728
4475832
4475941
4476034
4476052
4476061
4476213
4476316
4476339
4476406
4476470
4476520
4476624
4476758
4476856
4476869
4476874
4476998
4477109
4477175
4477300
4477389
4477436
4477522
4477554
4477578
4477599
4477641
4477831
4477925
4478075
4478195
4478308
4478359
4478412
4478431
4478464
4478479
4478486
4478537
4478570
4478588
4478738
4478855
4478881
4478904
4478973
4479012
4479146
4479167
4479218
4479230
4479411
4479460
4479483
4479714
4479737
4479833
4479871
4480128
4480193
4480268
4480284
4480301
4480491
4480590
4480659
4480798
4481012
4481079
4481113
4481180
4481273
4481409
4481538
4481556
4481591
4481602
4481714
4481729
4481882
4481928
4481934
4482131
4482255
4482373
4482584
4482687
4482809
4482897
4482965
4482970
4483059
4483110
4483375
4483500
4483576
4483623
4483896
4483936
4483948
4484089
4484149
4484254
4484267
4484280
4484316
4484350
4484414
4484533
4484547
4484607
4484726
4484887
4484891
4485009
4485044
4485058
4485177
4485217
4485261
4485289
4485293
4485423
4485613
4485622
4485678
4485710
4485791
4485848
4486211
4486244
4486260
4486329
4486341
4486404
4486512
4486523
4486586
4486600
4486634
4486689
4486790
4486822
4486846
4486880
4486995
4487014
4487119
4487279
4487511
4487685
4487708
4487922
4487978
4488137
4488357
4488386
4488468
4488504
4488596
4488697
4488713
4488800
4488966
4488982
4489183
4489197
4489259
4489317
4489328
4489376
4489455
4489490
4489812
4489840
4489942
4489987
4490015
4490241
4490383
4490435
4490499
4490589
4490593
4490657
4490664
4490698
4490702
4490907
4490919
4490981
4491050
4491084
4491111
4491317
4491334
4491345
4491463
4491629
4491718
4491727
4491773
4491925
4491942
4491974
4491991
4492097
4492102
4492150
4492234
4492293
4492347
4492498
4492553
4492635
4492703
4492710
4492725
4492742
4492787
4492863
4492951
4493031
4493113
4493135
4493154
4493167
4493602
4493621
4493695
4493820
4493859
4493961
4494159
4494209
4494211
4494314
4494388
4494462
4494689
4494899
4494921
4494939
4494968
4495024
4495072
4495090
4495129
4495141
4495203
4495518
4495596
4495611
4495658
4495778
4495876
4495893
4496022
4496035
4496054
4496198
4496207
4496219
4496224
4496281
4496447
4496459
4496466
4496482
4496539
4496603
4496717
4496875
4497189
4497284
4497354
4497456
4497659
4497666
4497671
4497865
4497892
4498076
4498127
4498196
4498267
4498343
4498508
4498547
4498571
4498732
4498856
4498998
4499053
4499070
4499181
4499212
4499338
4499511
4499558
4499560
4499673
4499850
4499884
4400194
4401063
4401114
4401188
4401477
4401660
4401780
4401994
4402124
4402163
4402205
4402558
4402651
4402839
4403104
4403547
4404033
4404082
4404478
4405271
4405317
4405501
4405522
4405670
4405840
4405879
4406062
4406100
4406507
4406694
4407396
4407914
4407953
4407988
4408355
4409026
4409102
4409333
4409541
4409570
4409678
4410179
4410745
4411384
4411453
4411624
4411648
4411810
4411838
4412176
4412313
4413074
4413159
4413880
4414167
4414180
4414574
4414621
4414961
4415630
4415794
4416125
4416309
4416990
4417009
4417102
4417150
4417848
4418599
4418653
4418727
4418773
4419114
4419210
4419398
4419504
4419530
4419611
4419697
4420154
4420677
4420894
4421088
4421544
4421850
4421913
4422357
4422611
4422780
4423109
4423481
4423546
4423554
4423812
4424067
4424482
4424728
4425104
4425492
4426032
4426308
4426807
4426962
4427640
4428462
4428916
4429469
4430095
4431100
4431425
4431507
4431694
4432470
4432488
4432582
4432957
4433014
4433190
4433387
4433452
4433978
4434075
4434654
4434996
4435147
4436242
4436799
4436845
4436908
4437458
4438272
4438728
4438745
4438789
4439265
4439358
4439981
4440681
4441200
4441320
4441930
4442050
4442215
4442361
4442910
4443611
4443754
4443845
4444313
4444615
4444909
4444960
4445249
4445285
4445336
4445372
4445587
4445591
4446286
4446766
4446802
4447056
4447297
4447540
4447878
4447968
4448138
4448288
4448534
4448593
4448777
4449415
4449539
4449568
4449691
4450055
4450421
4450596
4450697
4451219
4451502
4452411
4452684
4452695
4452900
4453026
4453347
4454597
4455332
4455589
4456614
4457520
4457732
4457856
4458322
4458425
4458786
4459025
4459496
4459505
4460075
4460116
4460514
4460588
4461120
4461337
4461388
4461943
4462169
4462265
4462721
4462851
4463099
4463687
4463717
4463752
4464407
4464730
4464898
4465051
4465100
4465666
4466086
4466167
4466178
4466753
4466961
4467269
4467291
4467305
4467477
4467658
4467889
4468088
4468325
4468560
4468662
4469515
4469663
4469923
4470088
4470325
4470391
4470476
4470583
4470802
4470895
4471033
4471059
4471605
4471702
4471784
4471907
4472283
4472427
4472846
4472902
4473096
4473202
4473301
4473705
4474421
4474778
4475022
4475123
4475272
4475844
4476533
4476566
4476582
4476636
4477160
4477334
4477692
4477987
4478044
4478097
4478217
4478228
4478366
4478742
4479249
4479355
4479538
4479792
4480346
4480380
4480474
4480563
4480620
4480682
4481753
4481815
4482327
4482351
4482396
4482717
4482832
4482844
4483292
4483332
4483480
4483589
4483605
4483657
4483664
4484222
4484619
4484709
4484905
4485116
4485143
4485769
4486427
4486763
4486813
4487583
4487821
4487980
4488192
4488416
4488439
4488551
4488746
4489389
4489393
4490480
4490990
4491653
4491903
4492032
4492529
4492774
4493023
4493296
4494430
4494878
4495036
4495114
4495713
4495834
4496941
4496953
4497049
4497062
4497705
4498130
4498429
4499279
4499391
4499685
