2305562
2307647
2309257
2312351
2313972
2315440
2318683
2319831
2322637
2323090
2326088
2329691
2330402
2331054
2334190
2334526
2337905
2338410
2338555
2339182
2339916
2341172
2345636
2346774
2347972
2352437
2354394
2355010
2357135
2357249
2359721
2361375
2361589
2366744
2367670
2368678
2368774
2369040
2369146
2370592
2379213
2379441
2381406
2382853
2384621
2388021
2388481
2394612
2394686
2397272
2398820
2399836
2399918
2300015
2300071
2300094
2300138
2300454
2300478
2300499
2300528
2300593
2300623
2300664
2300743
2300768
2300777
2300849
2300936
2300972
2300981
2301376
2301448
2301481
2301513
2301546
2301578
2301688
2301796
2301840
2301942
2301956
2301969
2302228
2302308
2302320
2302486
2302498
2302601
2302699
2302819
2302951
2303023
2303101
2303230
2303262
2303363
2303372
2303381
2303497
2303616
2303621
2303639
2303815
2303952
2304091
2304209
2304211
2304244
2304260
2304283
2304297
2304418
2304449
2304462
2304485
2304496
2304505
2304512
2304540
2304564
2304835
2304867
2304878
2304880
2304916
2305019
2305048
2305090
2305170
2305210
2305287
2305312
2305364
2305660
2305697
2305845
2306013
2306105
2306112
2306140
2306236
2306290
2306304
2306330
2306349
2306396
2306471
2306674
2306811
2306832
2306953
2307018
2307051
2307096
2307100
2307134
2307145
2307313
2307354
2307507
2307608
2307682
2307853
2307932
2307983
2308061
2308173
2308196
2308235
2308278
2308384
2308406
2308429
2308470
2308582
2308636
2308775
2308838
2308940
2308964
2308986
2309006
2309119
2309560
2309747
2309782
2309850
2309946
2310100
2310134
2310152
2310176
2310277
2310378
2310399
2310682
2310837
2310958
2310997
2311031
2311064
2311101
2311307
2311324
2311355
2311372
2311460
2311510
2311591
2311643
2311668
2311770
2312046
2312255
2312318
2312349
2312420
2312550
2312584
2312603
2312669
2312844
2312875
2312914
2312941
2312992
2313015
2313059
2313142
2313187
2313241
2313326
2313517
2313528
2313612
2313640
2313679
2313750
2313818
2313849
2313862
2314028
2314201
2314280
2314470
2314520
2314648
2314732
2314838
2314856
2314869
2314964
2314998
2315060
2315195
2315289
2315315
2315405
2315412
2315506
2315541
2315553
2315613
2315678
2315738
2315769
2315930
2315962
2316108
2316159
2316258
2316314
2316353
2316451
2316462
2316617
2316801
2316835
2316880
2316899
2316968
2317205
2317212
2317434
2317493
2317583
2317597
2317649
2317662
2317720
2317850
2317913
2318036
2318048
2318170
2318192
2318203
2318242
2318256
2318269
2318291
2318477
2318562
2318644
2318754
2318767
2318915
2318959
2318966
2319158
2319160
2319215
2319247
2319282
2319317
2319535
2319546
2319606
2319629
2319665
2319974
2319987
2320076
2320130
2320201
2320302
2320343
2320384
2320624
2320690
2320874
2320912
2321168
2321228
2321252
2321347
2321529
2321565
2321635
2321703
2321769
2321951
2322183
2322197
2322233
2322266
2322352
2322376
2322407
2322419
2322481
2322629
2322692
2322749
2322751
2322762
2322969
2323007
2323063
2323114
2323137
2323170
2323188
2323225
2323269
2323305
2323439
2323450
2323518
2323573
2323908
2323982
2324062
2324128
2324608
2324806
2324926
2325005
2325146
2325167
2325199
2325204
2325262
2325336
2325616
2325643
2325788
2325847
2326053
2326231
2326325
2326544
2326618
2326649
2326733
2326782
2326821
2326843
2326877
2326895
2326999
2327283
2327564
2327579
2327598
2327634
2327661
2327707
2327724
2327968
2327984
2328066
2328082
2328169
2328206
2328332
2328589
2328640
2328702
2328896
2329224
2329385
2329494
2329521
2329539
2329543
2329568
2329595
2329669
2329734
2329811
2329826
2329941
2330090
2330141
2330364
2330484
2330658
2330683
2330735
2330799
2330845
2330971
2330994
2331001
2331046
2331224
2331236
2331318
2331351
2331362
2331373
2331447
2331539
2331577
2331700
2331734
2331929
2331937
2332204
2332251
2332285
2332411
2332458
2332475
2332591
2332616
2332621
2332639
2332729
2332894
2332934
2333058
2333184
2333293
2333382
2333431
2333440
2333479
2333506
2333592
2333622
2333710
2334172
2334231
2334303
2334374
2334434
2334461
2334558
2334627
2334630
2334821
2334884
2334935
2335020
2335103
2335125
2335237
2335326
2335344
2335435
2335446
2335698
2335795
2335862
2335924
2336208
2336220
2336259
2336317
2336334
2336345
2336407
2336535
2336580
2336653
2336773
2336812
2336831
2336879
2336991
2337045
2337185
2337299
2337302
2337437
2337441
2337547
2337582
2337681
2337732
2337760
2337869
2337923
2337931
2338202
2338301
2338425
2338442
2338491
2338507
2338757
2338786
2338829
2338997
2339069
2339087
2339147
2339159
2339226
2339283
2339418
2339473
2339512
2339557
2339564
2339586
2339600
2339693
2339724
2339921
2340023
2340135
2340204
2340411
2340458
2340525
2340542
2340677
2340993
2341014
2341041
2341212
2341223
2341257
2341445
2341489
2341560
2341604
2341649
2341708
2342036
2342055
2342063
2342114
2342165
2342188
2342210
2342256
2342357
2342398
2342527
2342551
2342611
2342644
2342828
2342852
2342933
2342959
2343039
2343126
2343158
2343215
2343535
2344164
2344198
2344255
2344327
2344351
2344433
2344550
2344577
2344595
2344642
2344793
2344811
2344826
2344914
2345104
2345151
2345280
2345302
2345368
2345384
2345395
2345912
2345940
2346011
2346032
2346060
2346195
2346261
2346423
2346486
2346588
2346646
2346699
2346855
2346962
2346985
2346996
2347008
2347191
2347237
2347253
2347309
2347500
2347981
2348182
2348194
2348258
2348275
2348388
2348564
2348598
2348652
2348689
2348880
2349085
2349284
2349295
2349313
2349671
2349888
2349958
2350109
2350175
2350233
2350266
2350271
2350481
2350501
2350546
2350580
2350637
2350670
2350718
2350749
2350785
2350840
2350974
2351117
2351193
2351239
2351284
2351322
2351346
2351712
2351814
2351865
2351870
2351975
2352162
2352196
2352280
2352299
2352441
2352453
2352515
2352547
2352619
2352655
2352726
2352825
2352887
2352998
2353088
2353163
2353205
2353223
2353325
2353391
2353417
2353511
2353708
2353759
2353868
2353877
2353922
2353946
2353999
2354058
2354075
2354121
2354245
2354308
2354431
2354553
2354680
2354824
2354836
2354918
2354996
2355056
2355314
2355427
2355523
2355579
2355652
2355724
2355736
2355854
2355899
2355950
2355968
2356137
2356203
2356364
2356386
2356443
2356477
2356713
2356908
2356915
2356933
2357064
2357154
2357251
2357381
2357483
2357525
2357616
2357871
2358001
2358035
2358046
2358067
2358179
2358186
2358318
2358373
2358385
2358471
2358577
2358674
2358687
2359110
2359214
2359265
2359401
2359435
2359467
2359478
2359500
2359657
2359679
2359907
2360092
2360107
2360190
2360223
2360303
2360489
2360649
2360673
2360747
2360802
2360821
2360868
2360967
2361071
2361156
2361253
2361270
2361552
2361716
2361804
2361818
2361919
2362010
2362025
2362147
2362258
2362275
2362297
2362306
2362314
2362353
2362365
2362676
2362968
2363049
2363073
2363295
2363313
2363403
2363410
2363491
2363524
2363536
2363563
2363581
2363615
2363633
2363779
2363892
2364024
2364055
2364323
2364340
2364357
2364398
2364421
2364477
2364626
2364644
2364701
2364735
2364800
2364845
2364889
2364971
2365099
2365157
2365248
2365263
2365415
2365459
2365471
2365494
2365656
2365728
2365745
2365793
2365844
2366118
2366127
2366173
2366196
2366246
2366350
2366533
2366711
2366726
2366760
2366957
2366964
2367109
2367126
2367158
2367233
2367361
2367393
2367407
2367501
2367546
2367785
2367974
2368184
2368234
2368371
2368423
2368486
2368592
2368601
2368824
2368855
2368951
2368973
2369012
2369023
2369135
2369204
2369273
2369475
2369497
2369587
2369650
2369737
2369765
2369770
2369788
2369859
2370009
2370075
2370102
2370168
2370200
2370333
2370423
2370570
2370769
2370819
2370881
2370927
2370949
2371087
2371120
2371133
2371166
2371404
2371473
2371496
2371512
2371763
2371790
2371822
2371854
2371878
2372020
2372033
2372059
2372103
2372142
2372156
2372253
2372292
2372309
2372383
2372480
2372499
2372534
2372561
2372593
2372623
2372664
2372679
2372827
2372873
2372963
2373022
2373046
2373255
2373263
2373373
2373385
2373482
2373550
2373656
2373691
2373745
2373906
2374084
2374376
2374472
2374688
2374840
2374857
2374864
2374956
2375062
2375507
2375519
2375548
2375620
2375740
2375926
2376113
2376262
2376390
2376538
2376556
2376602
2376643
2376684
2376765
2376792
2376945
2376989
2377019
2377036
2377242
2377323
2377331
2377450
2377518
2377530
2377697
2377722
2377966
2377971
2378190
2378240
2378369
2378374
2378417
2378434
2378575
2378627
2378662
2378782
2378935
2378954
2379076
2379118
2379151
2379321
2379339
2379350
2379470
2379508
2379594
2379887
2379964
2380112
2380186
2380248
2380263
2380349
2380385
2380466
2380471
2380482
2380550
2380595
2380717
2380761
2380937
2380992
2381196
2381377
2381414
2381470
2381515
2381571
2381624
2381681
2381709
2381711
2381783
2381869
2381887
2381891
2381923
2382176
2382193
2382284
2382403
2382438
2382442
2382548
2382757
2382779
2382786
2382909
2382944
2382958
2383087
2383091
2383159
2383209
2383275
2383314
2383337
2383388
2383661
2383772
2383813
2383968
2384135
2384146
2384167
2384262
2384285
2384348
2384458
2384503
2384542
2384792
2384934
2385070
2385190
2385231
2385342
2385428
2385511
2385560
2385802
2385913
2386033
2386059
2386156
2386187
2386360
2386435
2386467
2386499
2386589
2386593
2386612
2386721
2386739
2386948
2386955
2387044
2387143
2387177
2387200
2387382
2387405
2387412
2387486
2387514
2387565
2387570
2387592
2387601
2387654
2387756
2387769
2387791
2387890
2388016
2388050
2388077
2388111
2388282
2388294
2388436
2388455
2388463
2388513
2388653
2388665
2388670
2388785
2388879
2388910
2388938
2388969
2389188
2389225
2389357
2389402
2389450
2389484
2389609
2389675
2389701
2389746
2389754
2389778
2389800
2390166
2390232
2390297
2390404
2390418
2390598
2390689
2390724
2390755
2390939
2391007
2391036
2391242
2391274
2391305
2391551
2391632
2391933
2391959
2392070
2392257
2392264
2392298
2392338
2392342
2392452
2392526
2392575
2392597
2392662
2392901
2392978
2392980
2393052
2393076
2393235
2393278
2393343
2393429
2393508
2393571
2393912
2394059
2394187
2394265
2394702
2394743
2395050
2395271
2395463
2395535
2395546
2395665
2395692
2395718
2395751
2395762
2395823
2395925
2395938
2395956
2396221
2396243
2396581
2396590
2396705
2396798
2397236
2397255
2397318
2397471
2397521
2397577
2397595
2397717
2397752
2397832
2397858
2398064
2398086
2398230
2398262
2398348
2398460
2398591
2398695
2398714
2398737
2398815
2399026
2399168
2399308
2399366
2399506
2399529
2399654
2399699
2399742
2399769
2399787
2399985
2300253
2300292
2300332
2300804
2300990
2301208
2301345
2301938
2301991
2302195
2302245
2302592
2302678
2303251
2303390
2303684
2304166
2304617
2304689
2304854
2305081
2305305
2306067
2306179
2306415
2306482
2306860
2307536
2307563
2308034
2308076
2308299
2308515
2308520
2308624
2309476
2309575
2309771
2311180
2311917
2311945
2312776
2313292
2313768
2313777
2314222
2314923
2315150
2315371
2315742
2315872
2316226
2316921
2316939
2317651
2317708
2317733
2318106
2318141
2318323
2319938
2320254
2320492
2320964
2321009
2321083
2321570
2321699
2321807
2322039
2322208
2322328
2323398
2323585
2323735
2324301
2324659
2324731
2325079
2325497
2325808
2325989
2326029
2326356
2326604
2326630
2326651
2327194
2327645
2327867
2327943
2328885
2329447
2329752
2330081
2330192
2330675
2330834
2330966
2332040
2332098
2332336
2332677
2333102
2333973
2334088
2334264
2334733
2334771
2334794
2334868
2334895
2334967
2335288
2336424
2338027
2338536
2338705
2340178
2340296
2340503
2340510
2340989
2341070
2341747
2341895
2342971
2342982
2343490
2343513
2343773
2343785
2344471
2344752
2345803
2345838
2345842
2346143
2346667
2347059
2347679
2347862
2347919
2348003
2348025
2348341
2348512
2348540
2348854
2348916
2348995
2349335
2349731
2349911
2350215
2351221
2351779
2351786
2352061
2352127
2352278
2353532
2353747
2353802
2354289
2354506
2354601
2354791
2355182
2355921
2356153
2356170
2356256
2356402
2356468
2356658
2357167
2357538
2357621
2357706
2358078
2358860
2359191
2359229
2359981
2360445
2360509
2360544
2360618
2360708
2360759
2360946
2361500
2361750
2361777
2362074
2362579
2362867
2363608
2363853
2364238
2364450
2364562
2364746
2365001
2365953
2366316
2366343
2366453
2366783
2367002
2367016
2367692
2367773
2367857
2368699
2369086
2369336
2369409
2369538
2370405
2370565
2370699
2370807
2370872
2371418
2371772
2372311
2372435
2372576
2372862
2372924
2373248
2373272
2373330
2373965
2374002
2374132
2374513
2374554
2374704
2375018
2375117
2375134
2375145
2375221
2375837
2376204
2376503
2376866
2376917
2377495
2377893
2378088
2378673
2378771
2378868
2380131
2380642
2381017
2381185
2381797
2382085
2382152
2382524
2382798
2382806
2383115
2383258
2383283
2383781
2383880
2384012
2384154
2384319
2384706
2384882
2384945
2385163
2385476
2385782
2386103
2386375
2386528
2386534
2387333
2387678
2387855
2388345
2388376
2388472
2388823
2389114
2389386
2390133
2390473
2390846
2391713
2391845
2391893
2392231
2392434
2393093
2393185
2393321
2394020
2394094
2394142
2394344
2394499
2394657
2395704
2395991
2396027
2396134
2396335
2396442
2396958
2397001
2397811
2397860
2398154
2398741
2399060
2399228
