2101593
2104697
2105669
2106842
2107956
2109146
2112162
2112624
2113816
2114293
2117574
2122360
2127238
2127828
2129690
2131302
2133194
2134086
2136326
2137872
2138175
2142516
2142941
2142953
2144547
2145592
2149144
2150849
2153808
2157960
2165017
2165028
2166261
2166863
2169221
2171048
2171081
2171153
2172526
2172558
2172978
2173465
2175898
2179881
2180775
2183551
2183701
2186231
2188478
2190799
2191447
2192251
2193479
2193667
2193699
2195743
2198682
2198909
2100088
2100205
2100342
2100356
2100374
2100391
2100445
2100511
2100597
2100766
2100794
2100802
2100850
2101015
2101059
2101156
2101288
2101360
2101375
2101467
2101480
2101552
2101631
2101657
2101698
2101721
2101795
2102038
2102042
2102091
2102244
2102337
2102451
2102485
2102505
2102724
2102736
2102755
2102763
2102813
2102878
2103189
2103216
2103284
2103403
2103410
2103438
2103548
2103590
2103731
2103764
2103911
2103932
2104063
2104081
2104106
2104114
2104256
2104364
2104477
2104889
2104971
2105112
2105179
2105255
2105272
2105385
2105408
2105433
2105502
2105603
2105642
2105761
2105776
2105860
2105906
2105970
2106104
2106118
2106127
2106151
2106185
2106235
2106547
2106690
2106744
2106869
2106891
2106940
2107002
2107050
2107158
2107522
2107727
2107773
2107796
2107831
2107857
2107879
2107938
2107969
2108058
2108060
2108276
2108366
2108423
2108486
2108537
2108565
2108592
2108654
2108703
2108824
2109086
2109262
2109324
2109411
2109432
2109503
2109542
2109621
2109668
2109695
2109770
2109815
2109871
2109917
2109976
2110002
2110039
2110084
2110599
2110670
2110718
2110751
2110785
2110796
2110956
2111410
2111572
2111740
2111814
2112034
2112052
2112076
2112302
2112395
2112547
2112571
2112842
2112887
2112905
2112912
2113006
2113014
2113155
2113172
2113575
2113597
2113618
2113733
2113978
2114083
2114097
2114184
2114200
2114276
2114320
2114405
2114423
2114431
2114529
2114601
2114667
2114738
2114848
2114872
2114918
2114973
2115087
2115353
2115427
2115564
2115586
2115661
2115763
2115781
2115854
2115878
2115880
2115984
2116063
2116170
2116287
2116530
2116701
2116966
2117057
2117086
2117098
2117146
2117348
2117355
2117363
2117381
2117706
2117952
2118046
2118054
2118067
2118099
2118207
2118272
2118373
2118447
2118603
2118625
2118656
2118728
2118752
2118793
2118860
2118883
2118906
2118937
2118988
2119191
2119206
2119383
2119401
2119422
2119467
2119528
2119534
2119589
2119702
2119750
2119830
2119849
2119896
2119981
2120097
2120184
2120217
2120234
2120252
2120366
2120431
2120570
2120646
2120738
2120742
2120824
2120949
2121042
2121074
2121087
2121194
2121258
2121451
2121523
2121707
2121880
2121921
2121984
2122015
2122094
2122138
2122142
2122174
2122191
2122206
2122358
2122750
2122777
2122818
2122907
2123054
2123099
2123112
2123290
2123466
2123638
2123965
2123992
2124016
2124158
2124183
2124271
2124328
2124334
2124389
2124481
2124513
2124546
2124665
2124670
2124751
2124773
2124785
2124823
2124840
2124886
2124898
2124942
2124991
2125051
2125243
2125346
2125474
2125524
2125548
2125608
2125779
2125798
2125829
2125911
2125944
2125975
2126098
2126135
2126262
2126409
2126497
2126621
2126668
2126695
2126792
2126882
2126993
2127063
2127090
2127331
2127364
2127386
2127450
2127632
2127675
2127817
2127845
2127876
2128136
2128181
2128342
2128445
2128476
2128618
2128720
2128771
2128877
2128884
2128946
2128978
2129034
2129076
2129118
2129151
2129162
2129173
2129339
2129429
2129470
2129508
2129559
2129624
2129648
2129758
2129810
2129842
2129957
2129979
2130078
2130080
2130362
2130466
2130502
2130550
2130745
2130809
2130970
2130988
2131061
2131173
2131201
2131213
2131343
2131384
2131648
2131672
2131681
2131726
2131758
2131797
2131842
2131874
2132027
2132030
2132062
2132284
2132491
2132608
2132647
2132659
2132757
2132888
2133025
2133108
2133337
2133404
2133449
2133496
2133598
2133600
2133628
2133661
2133707
2133755
2133790
2133813
2133995
2134113
2134230
2134249
2134426
2134444
2134525
2134542
2134602
2134684
2134729
2134917
2135190
2135240
2135374
2135434
2135696
2135802
2135843
2135954
2136020
2136071
2136138
2136214
2136454
2136467
2136480
2136528
2136552
2136589
2136679
2136686
2136851
2136924
2137058
2137060
2137083
2137308
2137315
2137541
2137570
2137742
2137824
2137904
2138050
2138095
2138160
2138215
2138247
2138376
2138463
2138513
2138554
2138864
2139188
2139274
2139291
2139323
2139340
2139386
2139398
2139450
2139530
2139596
2139735
2139754
2139800
2139893
2139915
2139966
2139971
2140216
2140250
2140277
2140469
2140524
2140548
2140666
2140740
2140757
2140779
2140806
2140841
2140892
2141012
2141135
2141199
2141230
2141249
2141381
2141411
2141426
2141503
2141737
2141917
2141945
2142035
2142046
2142099
2142186
2142471
2142584
2142603
2142761
2142809
2142844
2143059
2143103
2143169
2143229
2143332
2143344
2143401
2143413
2143422
2143435
2143545
2143576
2143612
2143698
2143804
2143896
2143907
2144000
2144052
2144089
2144130
2144185
2144201
2144213
2144246
2144254
2144429
2144465
2144607
2144672
2144760
2144874
2144923
2145168
2145423
2145457
2145654
2145769
2145824
2145848
2145872
2145881
2145927
2146010
2146074
2146091
2146133
2146171
2146194
2146283
2146297
2146314
2146329
2146388
2146392
2146451
2146557
2146564
2146579
2146693
2146707
2146719
2146813
2146822
2146878
2146880
2146902
2147006
2147053
2147231
2147298
2147417
2147461
2147575
2147651
2147816
2147884
2147895
2147946
2147978
2147999
2148072
2148090
2148141
2148242
2148416
2148450
2148468
2148611
2148658
2148683
2148746
2148861
2148889
2148893
2148966
2148994
2149175
2149282
2149352
2149361
2149554
2149665
2149857
2149864
2149903
2149938
2150047
2150125
2150169
2150288
2150309
2150360
2150401
2150446
2150589
2150593
2150605
2150862
2150924
2151220
2151247
2151436
2151546
2151629
2151653
2151688
2151812
2151974
2152044
2152139
2152184
2152252
2152315
2152320
2152405
2152529
2152541
2152588
2152654
2152680
2152756
2152787
2152836
2152881
2152918
2153079
2153122
2153218
2153285
2153296
2153372
2153475
2153483
2153643
2153650
2153668
2153695
2153729
2153871
2153934
2153952
2154010
2154038
2154087
2154171
2154258
2154341
2154473
2154531
2154661
2154755
2154968
2155063
2155081
2155090
2155137
2155402
2155439
2155518
2155562
2155658
2156131
2156304
2156349
2156459
2156584
2156610
2156789
2156793
2156897
2157027
2157073
2157193
2157284
2157633
2157682
2157731
2157779
2157798
2157997
2158028
2158052
2158151
2158201
2158235
2158267
2158533
2158624
2158636
2158672
2158681
2158732
2158758
2158760
2158775
2158856
2158874
2158957
2159053
2159065
2159088
2159107
2159223
2159325
2159356
2159544
2159583
2159618
2159649
2159747
2159766
2159794
2159821
2159839
2159901
2159980
2160023
2160064
2160086
2160122
2160249
2160569
2160574
2160616
2160808
2160928
2161041
2161190
2161356
2161434
2161493
2161509
2161532
2162055
2162203
2162225
2162305
2162340
2162357
2162364
2162439
2162495
2162573
2162658
2162722
2162861
2162959
2162966
2163039
2163043
2163068
2163111
2163126
2163271
2163282
2163481
2163522
2163567
2163749
2163762
2163831
2163840
2163925
2164140
2164157
2164263
2164318
2164349
2164385
2164396
2164568
2164595
2164717
2164745
2164776
2164789
2164875
2164937
2164992
2165000
2165061
2165089
2165127
2165395
2165414
2165470
2165533
2165571
2165663
2165760
2165775
2165887
2166009
2166026
2166252
2166440
2166529
2166570
2166622
2166678
2167008
2167082
2167169
2167237
2167332
2167360
2167534
2167716
2167768
2167948
2167955
2168025
2168171
2168260
2168306
2168523
2168586
2168652
2168846
2168902
2168921
2168968
2169152
2169425
2169519
2169563
2169581
2169615
2169647
2169671
2169712
2169814
2169853
2169870
2169926
2169932
2169958
2170042
2170091
2170133
2170182
2170226
2170232
2170370
2170512
2170540
2170628
2170634
2170645
2170693
2170835
2171129
2171238
2171274
2171364
2171379
2171495
2171518
2171573
2171675
2171799
2171800
2171947
2172037
2172119
2172172
2172181
2172205
2172303
2172374
2172428
2172493
2172532
2172627
2172720
2172821
2172901
2172946
2172967
2173017
2173061
2173093
2173104
2173130
2173173
2173185
2173201
2173343
2173384
2173441
2173470
2173488
2173566
2173607
2173624
2173672
2173690
2173709
2173744
2173957
2173979
2174187
2174191
2174397
2174435
2174480
2174499
2174534
2174593
2174739
2175132
2175472
2175481
2175501
2175606
2175614
2175730
2175773
2175823
2175879
2175991
2176100
2176161
2176221
2176313
2176378
2176403
2176456
2176474
2176491
2176507
2176671
2176712
2176892
2176997
2177263
2177327
2177415
2177603
2177610
2177674
2177826
2177906
2178023
2178098
2178230
2178475
2178538
2178569
2178677
2178714
2178753
2178770
2179011
2179032
2179044
2179083
2179116
2179139
2179195
2179308
2179333
2179366
2179506
2179529
2179742
2179756
2179774
2179836
2180028
2180045
2180052
2180061
2180076
2180118
2180278
2180339
2180441
2180453
2180465
2180571
2180619
2180624
2180931
2180964
2181011
2181060
2181083
2181184
2181565
2181680
2181824
2181836
2181855
2181872
2181890
2181927
2182039
2182144
2182361
2182481
2182653
2182857
2182898
2182903
2182938
2182956
2182969
2183114
2183203
2183225
2183242
2183402
2183484
2183518
2183683
2183767
2183982
2184018
2184085
2184277
2184346
2184399
2184442
2184911
2185023
2185040
2185324
2185444
2185574
2185677
2185729
2185753
2185765
2185820
2185928
2185952
2186119
2186124
2186136
2186155
2186163
2186298
2186452
2186597
2186618
2186685
2186696
2186782
2186816
2186843
2186901
2186913
2187365
2187430
2187719
2187755
2187822
2187846
2188015
2188033
2188103
2188138
2188156
2188270
2188309
2188480
2188517
2188605
2188657
2188743
2188795
2188924
2188955
2189046
2189207
2189248
2189290
2189304
2189351
2189415
2189568
2189875
2190055
2190114
2190137
2190192
2190210
2190340
2190861
2190893
2190920
2191067
2191157
2191179
2191255
2191471
2191521
2191550
2191691
2191717
2191752
2191844
2191941
2192079
2192101
2192178
2192218
2192307
2192677
2192792
2192847
2192894
2193044
2193359
2193405
2193537
2193570
2193592
2193601
2193769
2193774
2193819
2193927
2194006
2194037
2194041
2194107
2194155
2194452
2194509
2194583
2194597
2194651
2194733
2194747
2194802
2194839
2194895
2194913
2194946
2194978
2195020
2195142
2195156
2195237
2195292
2195358
2195517
2195552
2195702
2195721
2195849
2196132
2196197
2196259
2196294
2196300
2196334
2196393
2196407
2196448
2196522
2196599
2196614
2196629
2196641
2196704
2196942
2196974
2196991
2197052
2197089
2197127
2197162
2197185
2197235
2197368
2197566
2197571
2197648
2197986
2198030
2198085
2198268
2198313
2198354
2198378
2198474
2198548
2198608
2198671
2198731
2198926
2198932
2199010
2199166
2199194
2199244
2199283
2199297
2199341
2199392
2199404
2199617
2199634
2199719
2199867
2199880
2199950
2100006
2100029
2100070
2100257
2100303
2100946
2101103
2101397
2101849
2101990
2102260
2102634
2102676
2103096
2104137
2104495
2104817
2105078
2105123
2106028
2106278
2106377
2107463
2107535
2107614
2107718
2107903
2108150
2108252
2108293
2108904
2109098
2109251
2109426
2110345
2110481
2111189
2111301
2111469
2111519
2111620
2111841
2111932
2112201
2112316
2112663
2113400
2113696
2113759
2113821
2113884
2114457
2114819
2114951
2115194
2115211
2115370
2116331
2116450
2116468
2116713
2116780
2117218
2117324
2117639
2117989
2118131
2118157
2118224
2118349
2118776
2118844
2119478
2120308
2120479
2120506
2122664
2122686
2123123
2123207
2123255
2123811
2123906
2124021
2124043
2124614
2124857
2125740
2125892
2126178
2126859
2127269
2127484
2127889
2128053
2128766
2128843
2129196
2130022
2130420
2130577
2130883
2130897
2131104
2131162
2131246
2131533
2131547
2131783
2132301
2132313
2132997
2133038
2133074
2133120
2133258
2133283
2134167
2134180
2134218
2134409
2134695
2135400
2135417
2135445
2135558
2135560
2135651
2136288
2136702
2136963
2137565
2137635
2138132
2138158
2138300
2138345
2138629
2138749
2139256
2139312
2140202
2140659
2140814
2140888
2141348
2141525
2141587
2141695
2141788
2142067
2142327
2142408
2142420
2142776
2142860
2143206
2143214
2143467
2143851
2144034
2144559
2144803
2144842
2145058
2145382
2145678
2145819
2145973
2146341
2146736
2146748
2146790
2147065
2147148
2147338
2147445
2147821
2148484
2148551
2148626
2149016
2149389
2149513
2149580
2149629
2149974
2150191
2150383
2150528
2150640
2151407
2151614
2151762
2151903
2151925
2152200
2152245
2152667
2152973
2153031
2153146
2153538
2153859
2153928
2154003
2154781
2155238
2155585
2155683
2156502
2156521
2156761
2157932
2158076
2158395
2158571
2158594
2158744
2158887
2159029
2159240
2159387
2159509
2159967
2160262
2160460
2160706
2160847
2160961
2161715
2161747
2161794
2162256
2162933
2163220
2163247
2163554
2163580
2163987
2164123
2164164
2164272
2164408
2164539
2165758
2166592
2167500
2167818
2167972
2168069
2168108
2168661
2169062
2169176
2169301
2169378
2169798
2170056
2170074
2170166
2170283
2170462
2170763
2171530
2171713
2173453
2173547
2173636
2174008
2174561
2174721
2174830
2175126
2175259
2175345
2175419
2175831
2175886
2177351
2177502
2177539
2177988
2179200
2179537
2179646
2181139
2181150
2181423
2181431
2182021
2182271
2182282
2182407
2182910
2183364
2183632
2183893
2184284
2184354
2184944
2185296
2185602
2185792
2186720
2186922
2186954
2186967
2186980
2187025
2187056
2187133
2187275
2187370
2187652
2187693
2187902
2187916
2188241
2188332
2189318
2189327
2189625
2189860
2189897
2190468
2190527
2190834
2190994
2191001
2191728
2191906
2192820
2192900
2193320
2193486
2194493
2195332
2195454
2195589
2196043
2196266
2196328
2196424
2196785
2196831
2197118
2197173
2197267
2197453
2198757
2199462
2199693
2199763
