4200765
4206143
4209152
4213218
4221439
4223104
4224435
4225389
4225831
4226572
4229553
4229738
4229756
4230437
4230923
4231710
4233746
4234487
4236181
4236575
4237244
4237661
4238397
4238561
4247792
4253193
4257614
4258116
4259460
4259928
4261273
4261587
4261847
4262883
4262937
4266661
4267651
4271373
4271717
4272040
4274053
4275702
4285491
4288630
4288766
4293902
4294917
4297423
4298233
4299323
4200023
4200101
4200113
4200146
4200178
4200230
4200444
4200569
4200587
4200591
4200684
4200741
4200894
4200900
4201041
4201205
4201257
4201298
4201417
4201509
4201558
4201583
4201627
4201649
4201715
4201720
4201967
4201978
4201999
4202072
4202203
4202421
4202439
4202504
4202549
4202697
4202701
4202876
4202966
4203050
4203160
4203328
4203472
4203614
4203823
4203864
4203956
4204022
4204112
4204186
4204263
4204281
4204459
4204691
4204809
4204860
4204875
4204914
4205151
4205222
4205267
4205437
4205470
4205492
4205547
4205636
4205681
4205726
4205825
4205869
4205912
4205940
4206009
4206195
4206217
4206245
4206382
4206613
4206710
4206742
4206774
4206787
4206881
4206890
4206949
4206996
4207187
4207237
4207253
4207383
4207422
4207552
4207593
4207739
4207804
4207919
4207936
4207963
4208010
4208120
4208133
4208159
4208297
4208353
4208418
4208505
4208557
4208645
4208867
4208916
4208950
4208977
4209128
4209145
4209284
4209399
4209469
4209487
4209563
4209671
4209764
4209911
4209975
4210015
4210020
4210082
4210187
4210214
4210288
4210517
4210545
4210605
4210743
4210784
4210896
4210972
4211077
4211084
4211144
4211490
4211501
4211580
4211637
4211653
4211692
4211785
4211974
4212168
4212320
4212333
4212394
4212423
4212431
4212457
4212464
4212498
4212588
4212667
4212738
4212774
4212872
4213460
4213650
4213668
4213706
4213792
4213859
4214003
4214038
4214056
4214133
4214209
4214329
4214430
4214462
4214512
4214600
4214645
4214661
4214676
4214763
4214916
4214950
4214995
4215007
4215072
4215106
4215192
4215269
4215450
4215562
4215889
4215908
4215982
4215994
4216179
4216224
4216408
4216420
4216584
4216625
4216669
4216789
4216793
4216860
4216965
4217030
4217100
4217117
4217193
4217301
4217313
4217378
4217425
4217682
4217865
4217909
4217960
4218127
4218173
4218201
4218213
4218299
4218414
4218465
4218636
4218648
4218672
4218803
4218810
4218891
4218912
4219037
4219070
4219155
4219205
4219240
4219325
4219387
4219434
4219461
4219509
4219544
4219696
4219733
4219747
4219895
4219922
4220069
4220108
4220147
4220388
4220404
4220451
4220523
4220557
4220564
4220652
4220693
4220763
4220880
4221019
4221129
4221504
4221596
4221660
4221876
4222124
4222190
4222223
4222279
4222310
4222400
4222511
4222532
4222651
4222816
4222954
4222978
4223151
4223213
4223254
4223343
4223414
4223465
4223709
4223760
4223810
4223856
4223964
4224033
4224142
4224241
4224253
4224270
4224288
4224401
4224413
4224499
4224552
4224576
4224721
4224851
4224948
4225016
4225175
4225183
4225197
4225490
4225796
4226062
4226073
4226202
4226301
4226346
4226367
4226456
4226474
4226487
4226507
4226563
4226647
4226705
4226723
4226764
4226865
4226944
4226958
4227080
4227186
4227255
4227351
4227362
4227415
4227420
4227433
4227502
4227642
4227687
4227883
4227992
4228086
4228135
4228650
4228668
4228820
4228866
4228928
4228989
4228993
4229423
4229479
4229486
4229635
4229678
4229710
4229742
4229881
4229951
4229985
4229996
4230061
4230130
4230201
4230213
4230302
4230321
4230384
4230395
4230594
4230655
4230681
4230726
4230887
4231139
4231195
4231228
4231394
4231486
4231514
4231791
4231848
4232002
4232095
4232158
4232183
4232259
4232271
4232361
4232501
4232670
4232773
4232879
4232886
4232898
4233007
4233192
4233256
4233291
4233450
4233477
4233596
4233658
4233660
4233697
4233713
4233722
4233767
4233799
4234004
4234030
4234117
4234268
4234608
4234705
4234723
4234888
4234932
4235005
4235023
4235031
4235098
4235262
4235273
4235307
4235348
4235381
4235409
4235621
4235770
4235815
4235833
4235882
4235917
4235934
4236014
4236124
4236240
4236391
4236400
4236434
4236651
4236759
4236782
4236816
4236895
4237108
4237370
4237404
4237427
4237512
4237689
4237693
4237763
4238206
4238214
4238480
4238593
4238605
4238657
4238739
4238873
4238963
4239140
4239198
4239263
4239281
4239362
4239603
4239625
4239687
4239700
4239776
4239832
4239844
4240068
4240077
4240300
4240317
4240352
4240389
4240490
4240522
4240567
4240578
4240614
4240653
4240665
4240704
4240730
4240831
4240840
4240991
4241062
4241193
4241202
4241346
4241354
4241666
4241705
4241798
4241814
4241853
4241909
4241958
4241960
4241983
4242028
4242045
4242235
4242663
4242711
4242912
4242957
4243053
4243065
4243155
4243279
4243338
4243452
4243493
4243526
4243685
4243708
4243771
4243782
4243821
4243946
4244011
4244060
4244121
4244184
4244245
4244333
4244423
4244440
4244541
4244667
4244703
4244787
4245003
4245108
4245166
4245370
4245598
4245707
4245755
4245801
4245813
4246036
4246072
4246141
4246269
4246357
4246398
4246484
4246549
4246852
4246893
4247057
4247122
4247167
4247178
4247336
4247574
4247684
4247765
4247820
4247894
4247900
4247945
4248112
4248351
4248459
4248502
4248543
4248568
4248687
4248745
4248811
4248883
4248897
4248929
4248937
4249125
4249138
4249169
4249229
4249401
4249480
4249593
4249605
4249623
4249664
4249804
4249827
4249885
4249907
4249955
4249972
4250070
4250124
4250310
4250387
4250417
4250434
4250558
4250560
4250630
4250685
4250733
4250821
4250877
4250954
4251008
4251094
4251110
4251169
4251174
4251401
4251413
4251422
4251480
4251612
4251768
4251955
4252038
4252314
4252388
4252418
4252473
4252579
4252652
4252724
4252772
4252880
4252902
4252916
4252943
4252968
4253018
4253100
4253117
4253216
4253221
4253322
4253487
4253548
4253555
4253647
4253705
4253888
4254019
4254090
4254114
4254137
4254141
4254291
4254504
4254746
4254799
4254800
4254834
4254852
4254893
4254971
4255099
4255272
4255433
4255745
4255992
4256000
4256162
4256267
4256278
4256339
4256368
4256384
4256414
4256515
4256520
4256566
4256571
4256594
4256838
4256874
4257021
4257039
4257132
4257376
4257490
4257637
4257670
4257688
4257938
4257969
4257991
4258058
4258097
4258234
4258440
4258541
4258678
4258710
4258787
4258791
4258848
4258863
4258890
4259023
4259040
4259098
4259249
4259273
4259285
4259307
4259363
4259753
4259894
4259934
4260030
4260073
4260100
4260322
4260335
4260378
4260403
4260491
4260524
4260659
4260712
4260806
4260853
4260888
4260975
4261012
4261031
4261079
4261154
4261262
4261336
4261411
4261525
4261639
4261714
4261729
4261894
4261928
4261934
4262013
4262035
4262054
4262099
4262198
4262290
4262466
4262471
4262521
4262776
4263033
4263047
4263082
4263094
4263125
4263191
4263344
4263467
4263500
4263534
4263640
4263739
4263873
4263936
4264000
4264104
4264162
4264222
4264267
4264278
4264343
4264414
4264726
4264760
4264803
4264869
4264912
4264986
4265200
4265234
4265245
4265486
4265506
4265514
4265565
4265635
4265918
4265930
4265949
4266025
4266042
4266056
4266133
4266297
4266505
4266586
4266617
4266707
4266822
4266878
4267014
4267070
4267088
4267092
4267338
4267604
4267618
4267685
4267715
4267802
4267821
4267978
4268072
4268090
4268170
4268210
4268287
4268573
4268585
4268697
4268701
4268908
4268959
4268971
4268994
4269160
4269376
4269419
4269424
4269513
4269546
4269641
4269670
4269704
4269762
4269840
4269903
4269938
4270055
4270072
4270137
4270203
4270416
4270443
4270549
4270551
4270562
4270817
4270828
4270966
4271078
4271105
4271112
4271164
4271186
4271272
4271330
4271349
4271433
4271447
4271674
4271809
4271953
4271970
4271988
4272023
4272122
4272178
4272285
4272324
4272355
4272372
4272621
4272871
4272894
4272934
4273044
4273060
4273083
4273139
4273143
4273150
4273228
4273261
4273289
4273570
4273601
4273667
4273710
4273791
4274310
4274338
4274342
4274434
4274583
4274649
4274720
4274954
4275020
4275138
4275142
4275191
4275206
4275253
4275344
4275358
4275383
4275446
4275499
4275534
4275589
4275686
4275750
4275777
4275804
4275924
4275963
4276077
4276095
4276160
4276208
4276317
4276334
4276424
4276522
4276535
4276546
4276567
4276578
4276670
4276762
4276785
4276831
4276840
4276991
4277017
4277093
4277299
4277350
4277377
4277508
4277547
4277582
4277624
4277636
4277874
4277931
4277957
4278221
4278239
4278346
4278438
4278519
4278615
4278620
4278786
4278798
4278841
4278870
4278975
4279306
4279341
4279392
4279427
4279600
4279645
4279822
4279950
4280044
4280058
4280234
4280431
4280464
4280506
4280613
4280635
4280738
4280787
4280807
4280855
4280930
4280949
4280996
4281042
4281056
4281115
4281133
4281244
4281260
4281306
4281329
4281341
4281388
4281418
4281451
4281512
4281523
4281902
4281939
4281977
4282110
4282174
4282265
4282270
4282397
4282446
4282480
4282517
4282686
4282698
4282873
4282924
4282936
4282990
4283078
4283131
4283207
4283263
4283385
4283482
4283728
4284002
4284183
4284259
4284266
4284463
4284490
4284554
4284567
4284614
4284637
4284688
4284857
4285018
4285062
4285161
4285243
4285295
4285410
4285469
4285474
4285507
4285548
4285608
4285682
4285958
4285960
4286040
4286154
4286199
4286227
4286230
4286324
4286336
4286432
4286556
4286587
4286616
4286639
4286706
4286737
4286753
4286928
4286945
4286993
4287048
4287305
4287331
4287402
4287450
4287660
4287780
4287982
4288088
4288279
4288310
4288374
4288417
4288618
4288673
4288747
4288794
4288884
4288901
4288980
4289034
4289162
4289201
4289222
4289267
4289377
4289437
4289470
4289488
4289624
4290022
4290186
4290281
4290385
4290466
4290471
4290965
4290992
4291017
4291213
4291246
4291321
4291395
4291533
4291655
4291711
4291842
4291986
4292117
4292193
4292216
4292250
4292367
4292456
4292487
4292507
4292572
4292779
4292786
4292798
4293003
4293025
4293115
4293209
4293297
4293451
4293634
4293676
4293693
4293707
4293977
4294079
4294146
4294372
4294426
4294483
4294542
4294587
4294729
4294770
4294882
4295006
4295037
4295286
4295417
4295493
4295673
4295685
4295708
4295715
4295766
4295978
4296174
4296214
4296375
4296517
4296534
4296612
4296623
4296640
4296739
4296849
4296919
4296924
4297116
4297121
4297200
4297333
4297440
4297479
4297537
4297553
4297904
4297927
4297996
4298068
4298266
4298300
4298419
4298472
4298490
4298578
4298629
4298749
4298773
4299036
4299106
4299192
4299256
4299379
4299468
4299562
4299834
4200040
4200135
4200336
4200348
4200753
4200808
4201303
4201452
4201461
4201511
4201771
4201794
4202269
4202291
4202495
4202683
4203389
4204610
4205130
4205162
4205488
4205582
4205655
4205672
4205690
4205709
4206529
4206537
4207125
4207138
4207214
4207972
4208370
4208854
4209581
4209888
4210467
4210552
4210739
4211910
4212058
4212440
4212680
4213064
4213230
4213251
4213411
4213621
4214634
4214846
4215340
4215495
4215697
4215799
4215947
4216516
4216691
4217380
4217888
4218278
4218488
4219604
4219766
4220074
4220314
4220505
4220772
4220950
4221192
4221256
4221312
4221735
4221817
4221915
4222029
4222092
4222286
4222452
4223235
4223619
4223869
4223931
4224082
4225352
4225886
4226694
4226888
4226911
4226926
4226960
4227281
4227330
4227809
4228178
4228262
4228591
4228894
4229097
4229588
4230278
4231464
4231667
4232220
4232463
4232472
4232599
4232665
4233238
4233312
4233861
4233908
4234096
4234161
4234367
4234399
4234590
4235079
4235411
4236452
4236733
4237194
4237260
4237523
4237676
4237736
4237772
4237790
4237880
4238047
4238066
4238552
4238777
4239330
4240016
4240197
4240271
4240328
4240376
4241027
4241189
4242118
4242986
4243172
4243298
4243511
4243627
4243630
4244217
4244252
4244293
4244588
4244601
4245260
4245846
4245939
4245984
4245995
4246188
4246439
4246443
4246701
4246817
4247230
4247542
4249156
4249187
4249237
4249383
4250014
4250205
4250286
4250913
4251534
4252404
4252899
4253354
4253507
4253659
4253911
4254024
4254495
4254735
4255224
4255521
4255811
4256045
4256302
4256619
4256655
4256940
4257068
4257352
4257629
4257785
4257805
4258347
4258529
4258855
4259101
4259714
4259729
4260590
4260786
4260926
4261432
4261460
4261591
4262351
4262415
4262844
4262914
4263924
4264732
4264874
4265308
4265366
4265394
4265440
4265962
4265996
4267037
4267107
4267428
4267673
4268754
4268889
4268982
4269126
4269175
4269197
4269300
4269987
4270063
4270778
4270889
4271046
4271198
4271603
4271625
4271642
4271811
4271875
4271992
4272251
4272319
4272460
4272602
4272684
4273097
4273333
4273366
4273613
4273774
4273872
4273962
4273973
4274006
4274181
4274387
4274417
4274843
4274884
4275480
4275862
4276016
4276614
4276653
4276749
4276864
4276879
4276898
4276925
4277339
4277520
4277571
4278117
4278193
4278757
4278806
4279182
4279209
4279598
4279736
4280121
4280195
4280245
4280412
4280756
4281404
4281462
4282059
4282206
4282358
4282375
4283001
4283140
4283179
4283330
4283642
4284050
4284126
4284629
4285004
4286113
4286146
4286273
4286307
4286602
4286650
4286729
4286871
4287504
4287527
4287701
4287746
4288163
4288257
4288493
4288532
4288649
4288651
4288868
4289000
4290105
4290373
4290595
4290858
4291076
4291127
4291280
4291488
4291760
4292100
4292403
4292474
4292814
4292926
4293370
4293449
4293724
4293835
4294086
4294639
4295558
4296059
4296156
4296241
4297139
4297168
4297371
4297872
4298215
4298294
4298580
4298692
4298910
4299305
4299386
4299675
4299920
4299994
