2801088
2801708
2803220
2803554
2806308
2806333
2808496
2809853
2810955
2813483
2816330
2816953
2818810
2819583
2821416
2822696
2822895
2823267
2823453
2832879
2836172
2838739
2840749
2844177
2845512
2847993
2848330
2850163
2853152
2854203
2856923
2858245
2860202
2866540
2867575
2868562
2869578
2870767
2872390
2872989
2873742
2874715
2875270
2875552
2876751
2877052
2878909
2878911
2883318
2883521
2883734
2886218
2886847
2888092
2888802
2889931
2889957
2890858
2891093
2891672
2892911
2897276
2800005
2800031
2800218
2800348
2800475
2800497
2800616
2800621
2800677
2800788
2800917
2800928
2801006
2801070
2801356
2801526
2801627
2801673
2801759
2801895
2802048
2802188
2802210
2802340
2802518
2802626
2802660
2802683
2802746
2802828
2803002
2803095
2803132
2803183
2803247
2803328
2803535
2803599
2803641
2803730
2803762
2803812
2803864
2803903
2804001
2804046
2804179
2804186
2804330
2804351
2804494
2804550
2804717
2804734
2804858
2804941
2804953
2805000
2805045
2805093
2805151
2805213
2805302
2805533
2805619
2805672
2805726
2805732
2805797
2805869
2805931
2805940
2805998
2806102
2806150
2806184
2806195
2806217
2806315
2806440
2806486
2806592
2806635
2806646
2806930
2806996
2807241
2807309
2807326
2807383
2807435
2807517
2807552
2807612
2807631
2807640
2807721
2807739
2807777
2807795
2807862
2807924
2807963
2808010
2808074
2808120
2808209
2808211
2808244
2808557
2808772
2808899
2808968
2808995
2809117
2809152
2809202
2809221
2809354
2809487
2809548
2809590
2809608
2809615
2809798
2809806
2809841
2809892
2809926
2810015
2810103
2810125
2810156
2810397
2810446
2810545
2810698
2810768
2810919
2811021
2811111
2811144
2811215
2811220
2811233
2811317
2811389
2811419
2811424
2811857
2811864
2812075
2812083
2812121
2812168
2812217
2812261
2812289
2812592
2812601
2812654
2812824
2813005
2813086
2813135
2813180
2813230
2813336
2813458
2813460
2813639
2813695
2813770
2813788
2813815
2813934
2813989
2814069
2814115
2814211
2814283
2814353
2814392
2814404
2814451
2814505
2814600
2814661
2814693
2814878
2814899
2814902
2814916
2814968
2815386
2815585
2815611
2815780
2816046
2816224
2816236
2816281
2816447
2816502
2816603
2816752
2816809
2816832
2816906
2816988
2817193
2817221
2817239
2817425
2817507
2817524
2817590
2817615
2817705
2817712
2817829
2817841
2817853
2817865
2817926
2818045
2818368
2818406
2818429
2818465
2818488
2818619
2818624
2818681
2818744
2818760
2818891
2819029
2819148
2819163
2819342
2819400
2819532
2819630
2819802
2819895
2819901
2819946
2819967
2820209
2820370
2820462
2820485
2820512
2820564
2820586
2820628
2820652
2820707
2820772
2820781
2820968
2821007
2821081
2821090
2821165
2821203
2821357
2821402
2821477
2821504
2821527
2821644
2821876
2821889
2821933
2821971
2822014
2822029
2822092
2822155
2822630
2822649
2822651
2822685
2822782
2822821
2822839
2822980
2823089
2823151
2823213
2823368
2823414
2823470
2823508
2823571
2823648
2823732
2823856
2823874
2823957
2823986
2824094
2824103
2824110
2824187
2824241
2824326
2824360
2824552
2824664
2824716
2824743
2824795
2824896
2825002
2825039
2825068
2825095
2825132
2825389
2825436
2825513
2825522
2825535
2825823
2825910
2826277
2826295
2826346
2826367
2826507
2826536
2826647
2826757
2826814
2826911
2826944
2826960
2827224
2827327
2827330
2827349
2827433
2827447
2827494
2827625
2827860
2827897
2828012
2828098
2828113
2828146
2828204
2828324
2828348
2828483
2828587
2828643
2828650
2828737
2828788
2828833
2828917
2829366
2829405
2829423
2829506
2829667
2829973
2830201
2830254
2830316
2830377
2830441
2830571
2830582
2830891
2830998
2831060
2831177
2831200
2831261
2831382
2831412
2831464
2831486
2831514
2831635
2831699
2831738
2831769
2831855
2831890
2831930
2831996
2832247
2832352
2832389
2832424
2832501
2832599
2832749
2832773
2832831
2832898
2832969
2833225
2833291
2833340
2833357
2833468
2833504
2833611
2833658
2833660
2833767
2833799
2833893
2833915
2834062
2834176
2834189
2834216
2834243
2834277
2834399
2834682
2834909
2835057
2835122
2835372
2835458
2835556
2835616
2835695
2835737
2835770
2835894
2836088
2836163
2836257
2836338
2836342
2836673
2836708
2836733
2836839
2836843
2836895
2836913
2837042
2837108
2837147
2837232
2837370
2837451
2837473
2837564
2837748
2837755
2837835
2837846
2837854
2837880
2837977
2838110
2838125
2838142
2838169
2838229
2838253
2838332
2838435
2838517
2838612
2838631
2838721
2838827
2838924
2838981
2839140
2839396
2839482
2839584
2839691
2839752
2839937
2839953
2840259
2840376
2840546
2840578
2840637
2840653
2840688
2840727
2840812
2840886
2840942
2841049
2841073
2841117
2841301
2841322
2841425
2841491
2841555
2841572
2841581
2841712
2841731
2841909
2841960
2841975
2841983
2842151
2842280
2842302
2842377
2842470
2842559
2842825
2842842
2842856
2842905
2842957
2842998
2843041
2843172
2843205
2843303
2843310
2843400
2843445
2843558
2843618
2843696
2843708
2843843
2843935
2844032
2844044
2844102
2844168
2844320
2844382
2844836
2844872
2844996
2845025
2845211
2845275
2845306
2845365
2845418
2845430
2845451
2845628
2845645
2845724
2845748
2845755
2845781
2845899
2845943
2845950
2846129
2846170
2846238
2846364
2846421
2846609
2846722
2846828
2846834
2846861
2846889
2846920
2846933
2846994
2847023
2847079
2847122
2847227
2847319
2847324
2847372
2847409
2847483
2847621
2847643
2847684
2847706
2847737
2847833
2847882
2847894
2847928
2848067
2848099
2848131
2848198
2848415
2848521
2848543
2848638
2848656
2848691
2848811
2849383
2849435
2849446
2849561
2849827
2849896
2849924
2849955
2850124
2850231
2850279
2850356
2850391
2850400
2850509
2850511
2850558
2850733
2850771
2850794
2850913
2850954
2851066
2851094
2851110
2851191
2851253
2851326
2851413
2851422
2851454
2851500
2851545
2851552
2851605
2851623
2851640
2851804
2851851
2851862
2851907
2851972
2852074
2852115
2852159
2852182
2852341
2852370
2852586
2852719
2852790
2852846
2852867
2853128
2853161
2853189
2853221
2853380
2853399
2853442
2853469
2853563
2853581
2853633
2853666
2853814
2853841
2853853
2854114
2854141
2854312
2854379
2854402
2854443
2854596
2854632
2854701
2854778
2854828
2854959
2855013
2855179
2855198
2855207
2855327
2855330
2855433
2855459
2855466
2855638
2855858
2855875
2855965
2856162
2856196
2856222
2856395
2856406
2856414
2856547
2856571
2856619
2856636
2856655
2856711
2856775
2856810
2856825
2856887
2856940
2856957
2856979
2857160
2857197
2857233
2857407
2857481
2857637
2857688
2857796
2857831
2858044
2858139
2858168
2858234
2858276
2858293
2858588
2858725
2858738
2858787
2858863
2858904
2858930
2858951
2859012
2859023
2859040
2859064
2859098
2859101
2859113
2859135
2859180
2859249
2859273
2859348
2859372
2859639
2859753
2859945
2859976
2860085
2860117
2860250
2860284
2860367
2860403
2860507
2860581
2860671
2860723
2860829
2860926
2860983
2860997
2861098
2861135
2861178
2861251
2861307
2861444
2861538
2861556
2861650
2861668
2861695
2861815
2862001
2862013
2862099
2862123
2862207
2862248
2862482
2862521
2862656
2862789
2863071
2863169
2863383
2863401
2863552
2863593
2863612
2863657
2863664
2863830
2863907
2863981
2863990
2864196
2864267
2864302
2864321
2864437
2864619
2864681
2864744
2864891
2864923
2865200
2865333
2865498
2865553
2865646
2865703
2865769
2866074
2866120
2866211
2866244
2866370
2866427
2866846
2866899
2866921
2866984
2867136
2867172
2867391
2867434
2867511
2867583
2867627
2867794
2867821
2867843
2867980
2868188
2868192
2868210
2868238
2868468
2868484
2868527
2868735
2868876
2868893
2868920
2868959
2869077
2869084
2869233
2869522
2869614
2869718
2869727
2869812
2869879
2869898
2869910
2869942
2869987
2869991
2870007
2870242
2870439
2870518
2870530
2870551
2870658
2870660
2870933
2870947
2870994
2871131
2871164
2871224
2871281
2871327
2871349
2871373
2871482
2871761
2871844
2871875
2871897
2871937
2871965
2871992
2872146
2872167
2872218
2872296
2872426
2872483
2872706
2872741
2872820
2872900
2872934
2873058
2873139
2873252
2873320
2873371
2873565
2873710
2873848
2873890
2874041
2874053
2874065
2874136
2874155
2874181
2874286
2874532
2874544
2874560
2874794
2874967
2875360
2875467
2875605
2875739
2875795
2875818
2875907
2875924
2876016
2876021
2876077
2876220
2876282
2876294
2876300
2876393
2876436
2876546
2876554
2876606
2876730
2876749
2876762
2876773
2876796
2876812
2877089
2877254
2877267
2877343
2877406
2877508
2877515
2877533
2877760
2877803
2877912
2877940
2877964
2877998
2878027
2878250
2878284
2878295
2878380
2878779
2878841
2878870
2878926
2878997
2879042
2879370
2879449
2879485
2879748
2879763
2879813
2879878
2879921
2879977
2880121
2880234
2880333
2880366
2880382
2880405
2880529
2880565
2880787
2881115
2881159
2881283
2881297
2881329
2881388
2881430
2881473
2881496
2881540
2881600
2881846
2882066
2882138
2882311
2882435
2882467
2882478
2882545
2882623
2882721
2882777
2882804
2882849
2882948
2883140
2883157
2883198
2883255
2883362
2883471
2883539
2883550
2883700
2883809
2883929
2883941
2883992
2884259
2884361
2884730
2884974
2885189
2885193
2885403
2885474
2885524
2885620
2885666
2885731
2886005
2886409
2886411
2886643
2886677
2886737
2886815
2886820
2886894
2886945
2887019
2887024
2887153
2887192
2887386
2887421
2887443
2887450
2887495
2887504
2887585
2887611
2887675
2887683
2887722
2887735
2887800
2887828
2887933
2888014
2888041
2888088
2888181
2888212
2888338
2888374
2888575
2888604
2888782
2888884
2888935
2888999
2889045
2889127
2889151
2889280
2889368
2889508
2889709
2889732
2889783
2889856
2889979
2890001
2890013
2890263
2890272
2890327
2890362
2890408
2890433
2890516
2890638
2890669
2890674
2890728
2890745
2890826
2890883
2891000
2891130
2891254
2891280
2891406
2891437
2891515
2891607
2891758
2891957
2891979
2892018
2892051
2892250
2892354
2892487
2892536
2892581
2892615
2892712
2892731
2892764
2892798
2892837
2892853
2892870
2892932
2893087
2893120
2893147
2893159
2893283
2893337
2893392
2893427
2893430
2893451
2893462
2893523
2893579
2893822
2893880
2894012
2894031
2894122
2894167
2894230
2894249
2894307
2894497
2894668
2894706
2894894
2894989
2895014
2895119
2895148
2895163
2895190
2895298
2895493
2895558
2895604
2895649
2895651
2895946
2896033
2896191
2896237
2896309
2896311
2896358
2896435
2896517
2896657
2896679
2896862
2896885
2896896
2896924
2897177
2897217
2897394
2897431
2897440
2897498
2897635
2897848
2897872
2897918
2898043
2898208
2898233
2898481
2898535
2898599
2898704
2898749
2898823
2898831
2898938
2898969
2899007
2899081
2899090
2899129
2899331
2899386
2899484
2899495
2899504
2899551
2899660
2899780
2899920
2899982
2800538
2800556
2800587
2800684
2801400
2801583
2801618
2802019
2802072
2802203
2802379
2802551
2802947
2803068
2803376
2804327
2804385
2804914
2805089
2806725
2806769
2806863
2806904
2807702
2808042
2808166
2808226
2808617
2808822
2809243
2810059
2810237
2810265
2810534
2810605
2810851
2811614
2811637
2811704
2811886
2811910
2812032
2812150
2812347
2813737
2813976
2814074
2814209
2815269
2815504
2815549
2815632
2815644
2816067
2816140
2816674
2816717
2816826
2817004
2818028
2818492
2818520
2818566
2819715
2819843
2820042
2820557
2820939
2820977
2821048
2821129
2821238
2821573
2822037
2822070
2822124
2822338
2822597
2823384
2823515
2823672
2824008
2824534
2824686
2824862
2825160
2825266
2825956
2826284
2826425
2827123
2827858
2828079
2828251
2828928
2829121
2829457
2829703
2829725
2830465
2830838
2831026
2831044
2831234
2831320
2831457
2831680
2832016
2832021
2832039
2832513
2832535
2832812
2833019
2833305
2833735
2834221
2834491
2834888
2834911
2835251
2835285
2835363
2835460
2835587
2836124
2836428
2836771
2836877
2837025
2837258
2838528
2838804
2838936
2839080
2839236
2839290
2839674
2840614
2841295
2841705
2841888
2842690
2842732
2843461
2843733
2843954
2844195
2844613
2845120
2845462
2845689
2845835
2845880
2846799
2848408
2848466
2848734
2848789
2849545
2849657
2849702
2849750
2849873
2850065
2850257
2851631
2851716
2852781
2852835
2852899
2852916
2853250
2853647
2853694
2854170
2854256
2854713
2854735
2854754
2855236
2855373
2855595
2855844
2856299
2856339
2856594
2857039
2857095
2857727
2857864
2858514
2858791
2858855
2858973
2859307
2859355
2859684
2860152
2860239
2860399
2860814
2861204
2862263
2862728
2862793
2862953
2863008
2863743
2863784
2863873
2864130
2864222
2864520
2864533
2864566
2864582
2864672
2864810
2864874
2865026
2865570
2865836
2865918
2866297
2866531
2867006
2867231
2867452
2867850
2868036
2868048
2868269
2869271
2869407
2869599
2871906
2872273
2872668
2873044
2873333
2873601
2874583
2874759
2875332
2875375
2875919
2876727
2876942
2877350
2877923
2877986
2878221
2879038
2879244
2879353
2879854
2880412
2880588
2880699
2880836
2881010
2881182
2881916
2882332
2882552
2882955
2883385
2883669
2883691
2883793
2883844
2884436
2885018
2885682
2885798
2885806
2886064
2886296
2886319
2886510
2886569
2887129
2887305
2888029
2888053
2888493
2888766
2889254
2889278
2889760
2889923
2889940
2890046
2890080
2890198
2891520
2891775
2891874
2892221
2892456
2894218
2894324
2894993
2895006
2895088
2895257
2895356
2895417
2895532
2895747
2895759
2895782
2895877
2896743
2896963
2897058
2897195
2897951
2898727
2898730
2899048
2899192
