5700051
5700491
5701409
5703702
5711576
5715832
5715941
5719792
5720398
5721502
5721906
5723032
5723097
5723654
5725827
5726513
5727414
5727726
5727810
5728572
5730742
5732784
5735399
5737323
5739213
5739912
5741910
5742588
5743113
5745386
5745754
5746263
5751088
5754207
5758512
5759051
5761085
5761354
5762672
5763651
5764529
5766632
5767336
5768953
5771173
5771663
5771810
5772997
5773074
5773652
5773748
5773916
5781210
5782053
5782662
5783453
5787965
5790299
5794239
5797069
5700030
5700128
5700176
5700221
5700367
5700378
5700438
5700740
5700779
5700865
5700892
5700911
5700932
5700997
5701005
5701031
5701154
5701167
5701249
5701251
5701372
5701525
5701574
5701591
5701668
5701729
5701894
5701928
5701989
5701993
5702022
5702035
5702054
5702219
5702248
5702255
5702272
5702304
5702408
5702415
5702459
5702543
5702610
5702809
5702811
5702897
5703015
5703059
5703110
5703422
5703446
5703528
5703679
5703721
5703777
5703804
5703827
5703851
5703862
5703885
5703981
5704034
5704127
5704149
5704607
5704624
5704775
5704783
5704874
5705044
5705184
5705252
5705308
5705347
5705405
5705464
5705537
5705541
5705553
5705622
5705756
5705769
5705774
5706025
5706038
5706069
5706147
5706171
5706194
5706297
5706365
5706418
5706540
5706564
5706579
5706689
5706781
5706835
5706846
5706916
5707107
5707136
5707264
5707356
5707391
5707434
5707511
5707630
5707662
5707794
5707816
5707967
5708055
5708188
5708203
5708287
5708331
5708398
5708443
5708549
5708683
5708746
5708982
5709043
5709068
5709132
5709160
5709175
5709215
5709259
5709522
5709730
5709942
5710014
5710029
5710163
5710231
5710325
5710338
5710461
5710489
5710618
5710649
5710850
5710901
5710922
5710978
5711082
5711103
5711214
5711229
5711344
5711640
5711698
5711743
5711750
5711795
5711804
5711936
5711948
5711990
5712042
5712056
5712069
5712194
5712353
5712449
5712462
5712512
5712523
5712600
5712628
5712736
5712813
5712835
5712867
5712921
5712950
5713018
5713027
5713117
5713250
5713378
5713469
5713659
5713841
5714007
5714192
5714203
5714269
5714443
5714585
5714596
5714626
5714660
5714845
5714861
5714920
5714947
5714971
5715304
5715318
5715351
5715362
5715433
5715516
5715700
5715789
5715988
5715992
5716089
5716093
5716151
5716185
5716196
5716299
5716302
5716339
5716414
5716437
5716709
5716726
5716760
5716874
5717016
5717039
5717043
5717132
5717215
5717259
5717266
5717376
5717419
5717424
5717455
5717567
5717730
5717785
5717805
5717831
5717857
5717864
5717903
5717938
5718083
5718116
5718200
5718261
5718405
5718514
5718654
5718863
5718918
5718949
5719057
5719307
5719460
5719556
5719569
5719643
5719650
5719737
5719753
5719900
5719917
5719952
5720036
5720129
5720137
5720165
5720203
5720340
5720450
5720504
5720530
5720658
5720767
5720828
5720834
5721054
5721067
5721105
5721207
5721219
5721625
5721745
5721844
5721897
5721988
5722098
5722101
5722146
5722154
5722296
5722336
5722355
5722574
5722621
5722684
5722695
5722714
5722788
5722928
5722989
5723102
5723116
5723150
5723217
5723228
5723252
5723293
5723308
5723371
5723405
5723464
5723622
5723680
5723787
5723824
5723881
5724136
5724205
5724279
5724303
5724325
5724476
5724583
5724759
5724868
5724935
5725094
5725110
5725125
5725383
5725467
5725478
5725480
5725589
5725657
5725721
5725830
5725851
5725936
5726021
5726109
5726294
5726328
5726361
5726463
5726578
5726641
5726727
5726730
5726751
5726956
5726974
5727017
5727316
5727350
5727406
5727470
5727492
5727533
5727690
5727709
5727744
5727797
5727825
5727842
5727891
5727964
5728051
5728145
5728239
5728295
5728322
5728403
5728608
5728671
5728926
5728975
5729074
5729108
5729166
5729232
5729260
5729275
5729283
5729365
5729427
5729473
5729505
5729512
5729748
5729781
5729790
5729854
5729878
5730026
5730060
5730075
5730121
5730228
5730234
5730261
5730308
5730333
5730366
5730529
5730592
5730601
5731010
5731074
5731108
5731115
5731120
5731283
5731297
5731306
5731314
5731392
5731496
5731645
5731748
5731801
5731867
5731950
5732008
5732191
5732237
5732265
5732739
5732750
5733035
5733186
5733219
5733224
5733248
5733255
5733263
5733349
5733466
5733521
5733656
5733776
5733844
5733883
5733897
5733988
5734043
5734215
5734361
5734455
5734463
5734641
5734665
5734704
5734762
5734840
5734864
5734925
5734942
5735062
5735085
5735096
5735161
5735176
5735243
5735250
5735335
5735378
5735380
5735438
5735731
5735779
5735853
5735892
5736005
5736101
5736355
5736372
5736458
5736510
5736538
5736668
5736684
5736792
5736833
5736866
5736871
5737048
5737072
5737106
5737114
5737203
5737305
5737340
5737402
5737484
5737596
5737626
5737660
5737780
5737852
5738037
5738092
5738264
5738310
5738387
5738400
5738489
5738493
5738560
5738651
5738766
5738794
5738868
5738922
5738954
5738999
5739093
5739299
5739339
5739343
5739429
5739437
5739533
5739571
5739672
5739681
5739760
5740110
5740241
5740401
5740534
5740589
5740612
5740664
5740750
5740849
5741002
5741109
5741144
5741183
5741247
5741259
5741407
5741749
5741805
5741840
5741886
5741903
5741956
5742044
5742102
5742184
5742289
5742359
5742405
5742479
5742498
5742514
5742553
5742678
5742848
5742863
5743023
5743079
5743135
5743525
5743591
5743706
5743753
5743833
5744010
5744091
5744108
5744194
5744392
5744418
5744755
5744813
5744854
5744916
5745019
5745055
5745072
5745153
5745165
5745238
5745312
5745340
5745357
5745379
5745443
5745549
5745735
5745746
5745800
5745834
5745852
5745893
5745915
5746054
5746290
5746327
5746351
5746420
5746471
5746502
5746516
5746539
5746638
5746687
5746745
5746811
5746860
5746883
5747062
5747202
5747239
5747243
5747380
5747442
5747563
5747615
5747666
5747682
5747694
5747779
5747837
5747892
5747911
5748000
5748045
5748130
5748149
5748185
5748280
5748350
5748414
5748429
5748453
5748594
5748663
5749092
5749124
5749240
5749374
5749532
5749544
5749630
5749685
5749696
5749747
5749946
5750005
5750079
5750113
5750167
5750178
5750227
5750251
5750262
5750324
5750336
5750574
5750591
5750650
5750714
5750737
5750741
5750820
5750934
5751065
5751172
5751190
5751257
5751303
5751526
5751583
5751715
5751843
5751901
5751922
5751978
5752063
5752129
5752188
5752192
5752331
5752364
5752379
5752626
5752660
5752780
5752800
5752852
5752947
5753084
5753208
5753266
5753294
5753345
5753393
5753436
5753455
5753490
5753554
5753580
5753653
5753692
5753773
5753840
5753969
5754001
5754022
5754035
5754140
5754219
5754248
5754272
5754281
5754318
5754408
5754420
5754459
5754521
5754745
5754752
5754776
5755045
5755149
5755213
5755343
5755368
5755414
5755429
5755437
5755453
5755636
5755655
5755783
5755838
5756011
5756139
5756252
5756308
5756359
5756440
5756457
5756537
5756541
5756622
5756725
5756949
5757020
5757253
5757292
5757454
5757478
5757576
5757702
5757716
5758258
5758314
5758449
5758473
5758676
5758822
5758835
5758854
5758880
5758902
5758916
5759004
5759049
5759117
5759243
5759380
5759442
5759469
5759507
5759548
5759555
5759633
5759659
5759671
5759682
5759806
5759911
5759932
5759975
5760021
5760208
5760259
5760455
5760522
5760629
5760637
5760641
5760688
5760704
5760805
5760864
5760910
5760956
5760987
5761049
5761193
5761284
5761367
5761378
5761590
5761682
5761723
5761764
5761853
5761870
5761975
5762034
5762045
5762406
5762465
5762508
5762571
5762663
5762690
5762711
5762732
5762887
5762923
5763006
5763014
5763029
5763124
5763190
5763240
5763391
5763445
5763583
5763759
5763816
5763839
5763877
5763884
5763913
5763946
5764121
5764431
5764506
5764646
5764725
5764836
5764863
5765010
5765115
5765120
5765133
5765147
5765226
5765232
5765329
5765652
5765693
5765822
5765867
5765921
5765984
5766007
5766106
5766291
5766312
5766331
5766402
5766443
5766697
5766799
5766920
5766933
5767012
5767031
5767040
5767057
5767113
5767167
5767262
5767285
5767390
5767426
5767483
5767643
5767871
5767989
5768067
5768272
5768281
5768327
5768373
5768568
5768610
5768809
5768832
5768875
5768897
5768929
5768941
5769094
5769174
5769229
5769265
5769292
5769311
5769454
5769500
5769534
5769612
5769686
5769743
5769827
5769862
5769885
5770013
5770248
5770281
5770304
5770396
5770482
5770625
5770826
5770883
5770992
5771162
5771235
5771278
5771414
5771429
5771520
5771758
5771783
5771905
5771940
5771957
5771998
5772202
5772243
5772250
5772277
5772295
5772380
5772555
5772572
5772888
5773025
5773226
5773258
5773337
5773473
5773724
5773790
5773880
5773921
5774086
5774098
5774135
5774218
5774296
5774587
5774621
5774737
5774770
5774945
5775065
5775136
5775205
5775286
5775298
5775342
5775417
5775489
5775583
5775597
5775618
5775630
5775662
5775708
5775747
5775816
5775821
5775895
5775954
5776020
5776237
5776360
5776478
5776480
5776500
5776721
5776849
5776948
5777075
5777234
5777245
5777315
5777320
5777347
5777412
5777514
5777588
5777787
5777949
5778215
5778233
5778247
5778294
5778455
5778522
5778580
5778599
5778606
5778637
5778910
5778969
5779153
5779238
5779331
5779364
5779468
5779484
5779611
5779697
5779754
5780003
5780108
5780226
5780341
5780404
5780462
5780634
5780689
5780755
5781007
5781036
5781048
5781090
5781305
5781357
5781398
5781416
5781421
5781484
5781562
5781611
5781780
5781799
5781889
5782070
5782417
5782428
5782489
5782544
5782558
5782747
5782850
5782913
5782935
5783093
5783213
5783343
5783492
5783508
5783842
5784008
5784015
5784241
5784422
5784552
5784631
5784896
5785021
5785084
5785095
5785266
5785300
5785317
5785328
5785345
5785361
5785501
5785522
5785580
5785614
5786027
5786051
5786161
5786176
5786202
5786239
5786313
5786438
5786682
5786723
5786829
5786958
5787001
5787105
5787420
5787494
5787502
5787610
5787642
5787717
5787728
5787734
5787793
5787826
5787883
5788113
5788273
5788475
5788569
5788621
5788668
5788695
5788706
5788737
5788917
5788945
5788976
5789097
5789116
5789200
5789431
5789486
5789529
5789541
5789881
5789890
5789930
5789949
5790045
5790061
5790384
5790395
5790406
5790470
5790508
5790533
5790709
5790905
5791366
5791537
5791613
5791654
5791742
5791787
5791807
5791904
5792259
5792328
5792334
5792345
5792389
5792546
5792637
5792692
5792730
5792751
5792823
5792840
5792857
5792864
5792879
5792886
5792925
5792942
5793024
5793036
5793106
5793165
5793242
5793287
5793331
5794062
5794117
5794145
5794277
5794354
5794487
5794548
5794647
5794666
5794682
5794694
5794798
5795057
5795079
5795098
5795113
5795146
5795154
5795324
5795348
5795497
5795503
5795510
5795556
5795650
5795677
5795770
5795792
5795833
5795847
5795866
5795882
5795945
5796037
5796257
5796342
5796369
5796400
5796452
5796493
5796662
5796696
5796802
5796868
5796935
5797010
5797038
5797120
5797244
5797353
5797449
5797505
5797540
5797736
5797748
5797755
5797902
5798174
5798237
5798265
5798309
5798332
5798454
5798545
5798716
5798739
5798777
5798990
5799054
5799080
5799112
5799140
5799164
5799236
5799396
5799471
5799610
5799761
5799832
5799844
5799860
5799937
5700250
5700442
5700548
5700671
5700888
5700958
5701135
5701458
5701510
5701788
5701808
5702595
5702965
5704162
5704254
5704803
5705102
5705699
5705985
5706115
5706258
5706451
5706628
5707088
5707092
5707148
5707286
5707374
5707747
5707946
5708908
5709490
5709665
5709727
5709805
5710630
5710766
5710816
5711008
5711206
5711397
5711454
5711849
5712676
5712939
5713322
5713425
5713581
5713829
5713870
5714063
5714072
5714611
5714722
5714893
5715521
5716254
5718382
5719510
5719695
5720081
5720090
5720141
5720153
5720312
5720746
5721013
5721112
5721131
5722249
5722639
5722706
5723026
5723320
5724696
5727185
5727196
5727429
5728189
5728193
5728491
5728507
5729314
5730703
5730819
5730962
5731258
5731505
5731598
5731724
5732015
5732020
5732066
5732082
5732375
5733067
5733290
5733362
5734095
5734629
5734879
5735403
5735786
5735997
5736249
5736363
5737242
5737312
5737585
5737845
5738136
5738434
5738649
5738759
5738782
5738839
5738978
5739173
5739302
5739465
5739607
5739825
5739842
5740576
5740804
5740907
5741039
5741389
5741419
5741629
5741974
5742032
5742217
5742228
5742245
5742347
5743012
5743871
5744244
5744748
5744878
5745697
5745780
5745889
5746349
5746408
5746568
5746674
5746941
5747456
5747608
5748093
5748470
5748732
5748783
5748923
5749558
5749575
5749868
5750098
5750122
5750695
5750770
5750792
5751107
5751240
5751374
5751434
5752170
5752421
5752609
5752767
5754734
5754811
5755151
5755350
5755515
5755619
5755810
5755957
5756217
5756423
5756855
5756918
5757082
5757446
5757804
5758069
5758244
5758598
5758755
5760215
5760334
5760879
5760991
5761960
5762028
5762368
5762470
5763136
5763257
5763493
5764032
5764371
5764769
5765473
5765899
5766081
5766188
5766379
5766767
5767227
5767381
5767815
5768099
5768776
5768992
5771690
5771775
5772786
5772960
5773010
5773878
5774178
5774538
5774542
5774616
5775575
5775794
5776047
5776174
5776191
5776623
5776640
5776851
5776862
5777011
5777457
5777529
5777601
5777680
5777904
5777973
5778317
5778352
5778665
5779439
5779518
5779596
5780370
5780540
5780579
5780676
5781072
5781312
5781379
5781386
5782673
5782766
5783000
5783414
5783465
5783663
5783838
5783869
5783931
5784047
5784499
5785424
5785546
5785718
5786152
5786841
5786892
5786997
5787046
5787078
5787186
5787224
5787281
5787408
5787595
5787656
5787700
5788204
5788348
5788372
5788497
5789347
5789464
5790089
5790321
5790429
5790624
5790810
5790869
5790912
5791769
5792039
5792160
5792233
5792317
5793660
5793799
5793834
5793889
5794301
5794425
5794779
5796766
5796816
5796843
5797159
5797182
5797337
5797404
5797617
5797790
5797968
5798413
5798480
5798552
5798593
5798862
5799035
5799078
5799224
