4700078
4700140
4700179
4700255
4700304
4700516
4700603
4700691
4700761
4700965
4701052
4701118
4701213
4701395
4701406
4701414
4701648
4701856
4701869
4701912
4702100
4702507
4702524
4702555
4702740
4702975
4703069
4703392
4703418
4703579
4703586
4703600
4703790
4703835
4703854
4703880
4703899
4704040
4704324
4704483
4704538
4704792
4704859
4704917
4704952
4705119
4705136
4705172
4705493
4705526
4705544
4705708
4705850
4705868
4705877
4705999
4706191
4706214
4706270
4706288
4706311
4706326
4706467
4706528
4706605
4706657
4706768
4706862
4707083
4707097
4707121
4707245
4707529
4707678
4707703
4707774
4707807
4707863
4707872
4707996
4708021
4708050
4708132
4708259
4708266
4708271
4708389
4708419
4708481
4708535
4708578
4708751
4708762
4708864
4708938
4709072
4709129
4709242
4709256
4709443
4709562
4709573
4709611
4710289
4710315
4710588
4710613
4710646
4710742
4710872
4711147
4711244
4711306
4711314
4711370
4711449
4711462
4711505
4711707
4711835
4712008
4712015
4712020
4712033
4712047
4712082
4712142
4712206
4712292
4712311
4712679
4712750
4712907
4713022
4713207
4713471
4713521
4713550
4713625
4713674
4713826
4714043
4714126
4714220
4714294
4714300
4714376
4714727
4714857
4714886
4714938
4714969
4715096
4715216
4715221
4715284
4715378
4715425
4715469
4715474
4715487
4715590
4715608
4715705
4715806
4715814
4715853
4715960
4716204
4716230
4716262
4716273
4716458
4716483
4716706
4716729
4716770
4716882
4716934
4717007
4717238
4717518
4717754
4717982
4718029
4718070
4718279
4718303
4718338
4718400
4718526
4718821
4719017
4719278
4719302
4719437
4719672
4719905
4719931
4720160
4720233
4720352
4720730
4720805
4721030
4721128
4721134
4721193
4721243
4721519
4721620
4721647
4721740
4721865
4722235
4722254
4722515
4722709
4722758
4722797
4722986
4723070
4723257
4723264
4723286
4723298
4723338
4723509
4723627
4723901
4723922
4723999
4724083
4724116
4724289
4724320
4724588
4724592
4724654
4724667
4724699
4724949
4725003
4725010
4725133
4725258
4725283
4725365
4725600
4725693
4725790
4725902
4725984
4726048
4726129
4726527
4726549
4726746
4726767
4726876
4727086
4727135
4727204
4727307
4727319
4727475
4727542
4727587
4727882
4728022
4728263
4728272
4728327
4728568
4728674
4728844
4728992
4729047
4729253
4729480
4729631
4729924
4730279
4730434
4730461
4730493
4730526
4730558
4730685
4730821
4730967
4731047
4731059
4731265
4731478
4731499
4731552
4731657
4731721
4731795
4731981
4732003
4732010
4732171
4732462
4732645
4732707
4732781
4732995
4733100
4733221
4733723
4733837
4734153
4734188
4734225
4734291
4734585
4734746
4734767
4734908
4735054
4735078
4735080
4735123
4735219
4735236
4735304
4735362
4735373
4735471
4735625
4735883
4735914
4736061
4736222
4736267
4736441
4736488
4736515
4736582
4736607
4736681
4736775
4736931
4736998
4737317
4737513
4737546
4737969
4737987
4738143
4738245
4738382
4738440
4738613
4738742
4738904
4739199
4739285
4739381
4739503
4739569
4739729
4739847
4739894
4739989
4740297
4740430
4740462
4740661
4740801
4740835
4740880
4740950
4741024
4741072
4741188
4741340
4741416
4741495
4741683
4741722
4741817
4741876
4741971
4741994
4742037
4742107
4742119
4742124
4742476
4742509
4742597
4742604
4742720
4742935
4742946
4743267
4743377
4743594
4743709
4743874
4744020
4744253
4744265
4744288
4744344
4744467
4744631
4744830
4744896
4744963
4745016
4745043
4745077
4745111
4745158
4745160
4745317
4745389
4745393
4745481
4745688
4745692
4745730
4745812
4745974
4746004
4746128
4746295
4746581
4746608
4746633
4746837
4746926
4746932
4747123
4747255
4747272
4747577
4747610
4747965
4747992
4748064
4748098
4748324
4748525
4748556
4748788
4749075
4749121
4749234
4749252
4749261
4749613
4749725
4749769
4750000
4750017
4750052
4750173
4750196
4750302
4750343
4750783
4750964
4751423
4751431
4751703
4751738
4751949
4751951
4752002
4752132
4752233
4752282
4752407
4752599
4752730
4752749
4752762
4752857
4752903
4752974
4753055
4753072
4753331
4753450
4753495
4753518
4753551
4753780
4754062
4754096
4754152
4754176
4754507
4754555
4754572
4754740
4754764
4754926
4754983
4755040
4755154
4755251
4755307
4755460
4755525
4755753
4755770
4755788
4755820
4755859
4755917
4755934
4755945
4756172
4756205
4756445
4756452
4756544
4756627
4756733
4756771
4756843
4756850
4757074
4757473
4757600
4757617
4757689
4757707
4757748
4757772
4757921
4757968
4757984
4757995
4758206
4758593
4758623
4758804
4758955
4759013
4759046
4759105
4759140
4759219
4759224
4759304
4759318
4759351
4759447
4759793
4760055
4760072
4760090
4760153
4760287
4760364
4760421
4760562
4760701
4760799
4760947
4760982
4761013
4761022
4761035
4761046
4761078
4761207
4761263
4761281
4761415
4761717
4761875
4762101
4762122
4762154
4762178
4762199
4762227
4762444
4762525
4762591
4762695
4762770
4763486
4763588
4763890
4763973
4764037
4764107
4764279
4764298
4764303
4764369
4764400
4764509
4764532
4764597
4764627
4764696
4764715
4764720
4764733
4764821
4765214
4765253
4765309
4765326
4765401
4765804
4766084
4766208
4766455
4766501
4766513
4766578
4766773
4766785
4766879
4766898
4766925
4766938
4767017
4767162
4767267
4767488
4767508
4767520
4767582
4767663
4767760
4767825
4767887
4767891
4767931
4768161
4768176
4768277
4768346
4768572
4768798
4768975
4769056
4769147
4769182
4769194
4769297
4769388
4769512
4769995
4770018
4770193
4770403
4770438
4770456
4770487
4770590
4770764
4770786
4770909
4771064
4771113
4771285
4771307
4771426
4771483
4771510
4771574
4771770
4771847
4772078
4772236
4772471
4772603
4772656
4772691
4772970
4772992
4773253
4773375
4773383
4773500
4773896
4773948
4774000
4774127
4774196
4774321
4774343
4774559
4774655
4774758
4774825
4774887
4774957
4774998
4775011
4775083
4775102
4775289
4775315
4775431
4775486
4775553
4775601
4775678
4775699
4775738
4775774
4775819
4775872
4775927
4775985
4776108
4776166
4776226
4776258
4776275
4776297
4776314
4776427
4776512
4776531
4776628
4776748
4776899
4777006
4777037
4777041
4777136
4777181
4777417
4777461
4777604
4777651
4777720
4777802
4777816
4777884
4778072
4778114
4778129
4778398
4778484
4778549
4779039
4779197
4779352
4779393
4779665
4779730
4779773
4779956
4780413
4780686
4780739
4780862
4780907
4781002
4781050
4781077
4781109
4781160
4781271
4781554
4781614
4781925
4781956
4782276
4782440
4782774
4783079
4783167
4783249
4783307
4783411
4783497
4783542
4783602
4783616
4783706
4783737
4783871
4783928
4783976
4784056
4784147
4784226
4784314
4784341
4784392
4784418
4784462
4784598
4784689
4784822
4784902
4784950
4784968
4785081
4785090
4785114
4785141
4785170
4785269
4785364
4785468
4785527
4785611
4785675
4785697
4785800
4785817
4786080
4786304
4786327
4786459
4786466
4786471
4786482
4786844
4786883
4786941
4786988
4787004
4787018
4787049
4787268
4787322
4787335
4787456
4787555
4787572
4787694
4787705
4787806
4787865
4788061
4788093
4788213
4788246
4788254
4788267
4788321
4788655
4788810
4788891
4789298
4789374
4789685
4789715
4789759
4789782
4789935
4790101
4790178
4790251
4790574
4790621
4790639
4791006
4791065
4791163
4791172
4791240
4791338
4791374
4791452
4791627
4791720
4791850
4791913
4791922
4791967
4791978
4791999
4792203
4792379
4792416
4792495
4792530
4792549
4792701
4793050
4793095
4793126
4793158
4793183
4793220
4793376
4793463
4793578
4793614
4793641
4793665
4793718
4793727
4793751
4793762
4793910
4793938
4794164
4794281
4794304
4794420
4794447
4794577
4794625
4794734
4794811
4794929
4794941
4795045
4795061
4795377
4795492
4795515
4795624
4795891
4795986
4796234
4796289
4796371
4796394
4796423
4796431
4796570
4796678
4796703
4796787
4796791
4796836
4797142
4797326
4797332
4797413
4797576
4797716
4797818
4797830
4797885
4798069
4798166
4798171
4798232
4798523
4798531
4798540
4798586
4798652
4799193
4799399
4799487
4799524
4799581
4799682
4799712
