3001441
3001582
3003899
3011505
3012936
3014068
3014578
3014987
3017256
3018400
3020665
3026966
3027381
3027808
3030374
3032120
3034024
3034817
3036280
3040449
3042434
3042604
3044593
3045455
3047761
3048475
3049807
3050709
3052294
3054128
3058885
3066077
3066513
3067034
3067267
3067508
3068865
3070295
3071677
3074302
3074571
3077509
3080454
3081718
3082756
3090460
3090989
3091850
3091954
3095151
3095825
3098586
3099354
3000013
3000078
3000164
3000207
3000281
3000550
3000584
3000595
3000642
3001000
3001034
3001089
3001104
3001162
3001201
3001213
3001254
3001368
3001414
3001470
3001488
3001520
3001636
3001672
3001732
3001744
3001760
3001856
3001964
3002027
3002030
3002100
3002268
3002295
3002313
3002581
3002608
3002620
3002682
3002712
3002798
3002837
3002911
3002983
3003074
3003087
3003159
3003171
3003244
3003314
3003523
3003902
3003916
3004057
3004079
3004113
3004199
3004262
3004497
3004510
3004538
3004616
3004684
3004847
3005029
3005119
3005223
3005618
3005673
3005708
3005759
3005877
3005946
3006047
3006059
3006375
3006454
3006640
3006686
3006698
3006896
3007032
3007083
3007121
3007150
3007217
3007228
3007394
3007440
3007479
3007498
3007529
3007565
3007855
3007927
3008068
3008111
3008175
3008266
3008271
3008490
3008641
3008718
3008785
3008840
3008857
3008864
3008886
3008991
3009036
3009048
3009072
3009165
3009269
3009287
3009340
3009357
3009379
3009416
3009468
3009596
3009660
3009722
3009876
3009947
3009971
3010032
3010060
3010150
3010245
3010289
3010308
3010464
3010506
3010570
3010646
3010774
3010863
3010927
3010985
3011087
3011244
3011370
3011617
3011719
3011854
3012094
3012142
3012169
3012265
3012288
3012383
3012528
3012640
3012679
3012804
3012919
3012955
3013013
3013022
3013140
3013224
3013290
3013318
3013330
3013396
3013408
3013603
3013700
3013717
3013776
3013883
3014132
3014197
3014259
3014271
3014785
3014910
3014969
3014974
3015100
3015277
3015295
3015378
3015403
3015425
3015740
3015814
3015837
3015958
3016098
3016154
3016251
3016348
3016363
3016372
3016411
3016684
3016737
3016859
3017036
3017055
3017081
3017203
3017291
3017305
3017323
3017398
3017421
3017450
3017551
3017562
3017611
3017626
3017632
3017722
3017746
3017780
3017876
3017893
3017959
3017994
3018029
3018172
3018240
3018310
3018325
3018342
3018509
3018649
3018708
3018868
3019000
3019034
3019076
3019130
3019235
3019278
3019343
3019470
3019648
3019690
3019838
3019856
3019887
3019998
3020109
3020132
3020183
3020271
3020328
3020334
3020376
3020389
3020393
3020419
3020857
3020925
3021062
3021073
3021085
3021161
3021189
3021335
3021346
3021399
3021442
3021581
3021932
3021997
3022045
3022076
3022127
3022149
3022246
3022465
3022571
3022709
3022711
3022887
3022891
3022931
3022964
3022979
3023053
3023065
3023088
3023163
3023212
3023696
3023895
3023935
3024195
3024217
3024382
3024423
3024565
3024824
3024890
3025038
3025091
3025120
3025147
3025171
3025194
3025275
3025392
3025540
3025634
3025652
3025693
3025835
3025846
3025921
3025968
3025984
3026192
3026225
3026468
3026518
3026660
3026683
3026701
3026722
3026817
3026994
3027057
3027409
3027444
3027483
3027569
3027643
3027695
3027737
3027792
3027820
3027833
3027900
3027917
3028046
3028078
3028112
3028140
3028179
3028385
3028482
3028502
3028674
3028687
3028691
3028734
3028965
3029047
3029174
3029229
3029265
3029326
3029360
3029534
3029576
3029605
3029623
3029768
3029804
3029919
3029981
3030053
3030107
3030124
3030181
3030240
3030400
3030428
3030461
3030604
3030649
3030954
3031059
3031214
3031253
3031265
3031358
3031383
3031517
3031528
3031605
3031784
3031849
3031862
3032010
3032025
3032159
3032275
3032329
3032392
3032427
3032512
3032540
3032676
3032755
3032916
3032977
3033049
3033073
3033268
3033354
3033410
3033425
3033487
3033507
3033519
3033581
3033633
3033723
3033798
3033806
3033829
3033944
3033960
3034153
3034165
3034386
3034477
3034518
3034585
3034611
3034683
3034828
3034876
3035099
3035207
3035272
3035351
3035595
3035610
3035728
3035734
3035832
3035929
3036045
3036093
3036213
3036384
3036406
3036515
3036559
3037077
3037109
3037111
3037294
3037424
3037535
3037599
3037614
3037670
3037718
3037805
3037812
3037823
3037857
3037864
3037974
3038044
3038168
3038333
3038601
3038791
3038930
3038962
3039064
3039296
3039390
3039460
3039475
3039497
3039503
3039602
3039753
3039882
3039976
3040120
3040209
3040258
3040260
3040314
3040370
3040388
3040496
3040661
3040719
3041036
3041203
3041274
3041340
3041398
3041518
3041562
3041626
3041644
3041660
3041735
3041845
3041889
3042257
3042286
3042310
3042575
3042627
3042630
3042685
3042708
3042782
3042821
3042967
3043130
3043185
3043201
3043339
3043377
3043414
3043470
3043533
3043547
3043594
3043681
3043690
3043810
3043869
3043887
3043979
3044110
3044142
3044174
3044309
3044435
3044534
3044552
3044664
3044750
3044862
3044873
3044955
3045002
3045300
3045463
3045535
3045637
3045727
3045903
3046004
3046051
3046145
3046161
3046354
3046410
3046474
3046615
3046647
3046671
3046712
3046740
3046806
3046975
3047099
3047263
3047373
3047420
3047433
3047482
3047516
3047625
3047700
3048113
3048178
3048227
3048249
3048307
3048372
3048426
3048639
3048650
3048753
3048770
3048788
3048833
3048882
3048952
3048989
3049060
3049102
3049261
3049320
3049347
3049366
3049405
3049541
3049613
3049680
3049973
3050045
3050162
3050185
3050254
3050414
3050515
3050520
3050547
3050566
3050607
3050624
3050775
3050874
3050931
3050957
3050979
3051075
3051177
3051347
3051366
3051464
3051565
3051588
3051646
3051738
3051791
3051807
3051890
3051904
3052021
3052043
3052077
3052126
3052160
3052259
3052300
3052334
3052393
3052501
3052546
3052578
3052730
3053055
3053312
3053323
3053416
3053754
3053817
3053845
3053852
3053876
3053933
3053947
3053966
3053994
3054030
3054152
3054250
3054346
3054442
3054487
3054548
3054572
3054590
3054671
3054837
3054911
3054932
3055230
3055273
3055460
3055475
3055503
3055729
3055820
3055859
3056092
3056136
3056148
3056172
3056445
3056532
3056558
3056649
3056651
3056685
3056759
3056766
3056839
3056843
3056877
3056999
3057038
3057182
3057232
3057258
3057341
3057365
3057449
3057531
3057822
3057880
3058082
3058125
3058174
3058187
3058206
3058265
3058292
3058397
3058467
3058589
3058605
3058698
3058750
3058768
3058795
3058818
3058830
3058849
3058919
3059013
3059179
3059272
3059318
3059351
3059385
3059396
3059466
3059550
3059687
3059717
3059752
3059776
3059897
3059906
3059941
3060287
3060683
3060778
3060845
3060852
3060861
3060876
3061078
3061123
3061157
3061349
3061502
3061521
3061550
3061638
3061700
3061717
3061811
3061897
3061970
3061988
3062154
3062296
3062348
3062390
3062409
3062432
3062483
3062591
3062684
3062729
3062770
3062815
3062952
3063032
3063261
3063588
3063787
3063819
3063836
3063872
3063996
3064037
3064053
3064148
3064286
3064303
3064356
3064369
3064526
3064627
3064651
3064715
3064747
3064794
3064802
3065008
3065033
3065103
3065156
3065191
3065206
3065401
3065454
3065478
3065679
3065818
3065862
3065873
3066095
3066317
3066345
3066424
3066567
3066580
3066653
3066762
3066857
3067017
3067028
3067045
3067052
3067130
3067254
3067343
3067488
3067492
3067533
3067566
3067571
3067726
3067838
3067931
3067957
3067998
3068049
3068117
3068134
3068250
3068268
3068378
3068438
3068870
3068909
3068975
3069087
3069108
3069306
3069451
3069473
3069485
3069557
3069600
3069689
3069707
3069736
3069921
3069939
3070073
3070221
3070301
3070378
3070403
3070410
3070474
3070581
3070633
3070712
3070757
3070779
3070786
3070806
3070888
3070926
3071178
3071251
3071285
3071432
3071497
3071510
3071602
3071695
3071706
3071820
3071882
3071934
3071945
3072078
3072198
3072408
3072433
3072687
3072752
3072793
3072992
3073103
3073169
3073241
3073292
3073309
3073360
3073413
3073593
3073605
3073743
3073849
3074000
3074034
3074196
3074453
3074470
3074488
3074711
3074810
3074887
3074931
3074957
3075009
3075058
3075252
3075412
3075479
3075553
3075601
3075678
3075725
3076120
3076133
3076147
3076211
3076226
3076244
3076283
3076341
3076418
3076496
3076523
3076628
3076707
3076813
3076977
3077006
3077298
3077374
3077391
3077461
3077649
3077733
3077747
3077868
3077895
3077946
3078090
3078114
3078153
3078364
3078386
3078450
3078468
3078530
3078585
3078778
3078799
3078834
3078915
3078966
3079160
3079183
3079376
3079393
3079436
3079463
3079481
3079522
3079554
3079578
3079580
3079785
3079796
3079864
3079903
3079969
3080094
3080125
3080169
3080288
3080332
3080360
3080375
3080397
3080422
3080480
3080517
3080664
3080679
3080721
3080777
3080804
3080818
3080851
3081043
3081068
3081393
3081546
3081567
3081580
3081653
3081886
3081898
3082026
3082058
3082097
3082245
3082333
3082529
3082635
3082646
3082791
3082807
3082949
3083113
3083204
3083230
3083426
3083432
3083602
3083820
3084042
3084056
3084365
3084462
3084557
3084645
3084693
3084724
3084772
3084822
3084950
3084977
3085081
3085256
3085340
3085386
3085421
3085477
3085626
3085675
3085754
3085834
3085947
3085966
3086198
3086281
3086349
3086420
3086433
3086539
3086577
3086761
3086929
3087176
3087250
3087268
3087277
3087284
3087301
3087335
3087354
3087442
3087581
3087682
3087705
3087786
3087798
3087814
3087865
3087944
3087983
3088118
3088173
3088201
3088453
3088709
3088711
3088874
3089029
3089037
3089155
3089264
3089391
3089445
3089452
3089493
3089544
3089560
3089696
3089720
3090064
3090086
3090307
3090372
3090444
3090497
3090503
3090538
3090714
3090737
3090792
3090808
3090871
3090900
3090952
3091041
3091136
3091240
3091286
3091310
3091544
3091673
3091685
3091766
3091913
3092036
3092081
3092340
3092421
3092626
3092660
3092683
3092746
3092876
3092889
3092994
3093132
3093144
3093175
3093247
3093328
3093334
3093352
3093393
3093448
3093629
3093730
3093749
3093796
3093831
3093886
3093987
3094105
3094255
3094362
3094550
3094595
3094691
3094717
3094728
3094752
3094761
3094809
3095061
3095093
3095254
3095280
3095316
3095350
3095368
3095437
3095619
3095636
3095709
3095758
3095923
3096102
3096293
3096405
3096479
3096498
3096529
3096541
3096553
3096565
3096570
3096588
3096613
3096699
3096742
3096774
3096863
3096881
3096904
3096985
3097020
3097082
3097270
3097288
3097446
3097478
3097500
3097561
3097589
3097612
3097698
3097777
3097784
3097830
3097873
3097885
3098025
3098133
3098159
3098260
3098275
3098531
3098634
3098736
3098790
3098813
3098822
3098878
3098902
3098939
3098968
3099062
3099100
3099145
3099322
3099410
3099723
3099779
3099911
3099958
3099960
3099975
3000112
3000603
3002145
3002243
3002410
3002469
3002548
3002841
3003042
3003353
3003676
3003707
3004146
3004249
3004381
3005088
3005715
3005747
3005913
3005954
3006241
3006743
3006784
3007058
3007168
3007289
3007680
3007962
3007973
3008050
3008215
3008436
3008546
3008773
3009305
3009701
3009713
3009834
3009852
3010195
3010333
3010592
3010725
3010962
3011337
3011485
3012435
3012768
3013734
3013937
3014522
3014749
3015085
3015779
3016086
3016146
3017188
3017660
3017778
3018119
3018759
3018954
3019028
3019783
3019931
3020126
3020197
3020233
3020407
3021239
3021438
3021615
3022429
3022760
3023006
3023136
3023445
3023493
3023662
3023747
3024293
3024529
3024927
3024962
3024985
3025003
3025025
3025226
3025370
3025427
3025430
3025598
3025600
3025772
3026291
3027285
3027355
3028304
3029292
3029593
3029784
3030163
3030303
3030391
3030452
3030532
3030696
3030720
3031401
3031686
3032283
3032835
3032902
3033536
3033764
3034225
3034305
3034722
3034780
3034852
3034994
3035224
3035362
3035516
3036267
3036414
3036758
3036783
3036957
3037021
3037220
3037233
3037345
3037389
3037567
3037991
3038252
3038506
3038514
3039668
3039928
3040087
3040329
3042325
3042544
3042868
3043017
3043213
3043368
3043923
3044008
3044270
3044631
3044657
3044686
3044721
3044849
3045144
3045183
3045472
3045606
3045641
3045718
3045857
3045898
3046268
3046723
3047349
3047521
3047595
3047656
3048262
3049412
3049457
3049756
3049769
3050201
3051026
3051168
3051863
3051930
3052144
3052183
3052389
3052665
3052956
3053644
3053697
3053780
3054134
3054277
3055079
3055355
3055372
3055574
3055684
3056190
3056493
3056604
3056946
3058270
3058401
3058500
3058702
3058739
3059539
3059858
3059875
3060530
3060609
3062650
3063009
3063150
3063168
3063382
3063412
3063973
3064205
3064511
3064685
3064913
3065517
3065534
3065716
3068128
3068189
3068399
3068581
3068712
3069283
3069449
3069822
3070027
3070536
3070932
3070960
3071587
3071639
3071792
3072236
3072373
3072811
3073059
3073401
3073612
3074636
3075195
3075347
3075710
3075774
3075836
3076232
3076388
3076763
3077088
3077356
3077476
3078331
3078402
3079220
3079247
3080241
3080862
3080885
3081175
3081266
3081317
3081334
3081481
3081535
3081599
3082009
3082479
3083079
3083510
3083587
3083833
3083871
3084069
3084329
3084968
3085007
3085305
3085562
3085683
3086550
3086691
3086728
3087085
3087671
3087926
3088302
3088582
3088732
3088775
3088869
3088923
3088957
3089461
3090363
3090616
3090753
3090765
3090820
3091172
3091356
3091877
3092484
3092562
3092722
3092959
3092971
3093043
3093271
3093282
3093653
3093751
3094067
3094494
3094858
3094953
3095235
3095395
3095453
3096382
3096622
3097422
3097552
3097919
3098226
3098232
3098496
3098564
3098995
3099018
3099346
