3300376
3302594
3303391
3308219
3310135
3310792
3310847
3316949
3318166
3318244
3320385
3320953
3322438
3324249
3325041
3325868
3331933
3331994
3334435
3334743
3335472
3337164
3346052
3349319
3352860
3352970
3353467
3354515
3355787
3363444
3364617
3366248
3366349
3367590
3369041
3369264
3372233
3372910
3374975
3375363
3375684
3376136
3378657
3379351
3384901
3385326
3388284
3391087
3391661
3392640
3393022
3393656
3396859
3300043
3300050
3300220
3300282
3300300
3300328
3300629
3300653
3300812
3300840
3300903
3300942
3301176
3301354
3301378
3301442
3301474
3301507
3301524
3301548
3301633
3301705
3301740
3301814
3301870
3302104
3302196
3302441
3302453
3302520
3302582
3302672
3302760
3302775
3302797
3302940
3302957
3302964
3303124
3303136
3303240
3303264
3303708
3303766
3303794
3303884
3303913
3303980
3303999
3304234
3304289
3304347
3304359
3304457
3304541
3304570
3304588
3304646
3304710
3304807
3304836
3304872
3304930
3304973
3305133
3305159
3305194
3305388
3305392
3305418
3305430
3305485
3305600
3305645
3305689
3306141
3306188
3306225
3306238
3306291
3306331
3306421
3306450
3306477
3306504
3306530
3306626
3306658
3306735
3306754
3306799
3306834
3306982
3307249
3307262
3307285
3307319
3307355
3307411
3307426
3307432
3307460
3307792
3308046
3308157
3308179
3308207
3308281
3308330
3308373
3308459
3308521
3308539
3308543
3308674
3308734
3308761
3308875
3308965
3309008
3309082
3309187
3309309
3309375
3309383
3309435
3309454
3309500
3309517
3309545
3309640
3309739
3309936
3309948
3309972
3309990
3310057
3310098
3310324
3310372
3310390
3310411
3310432
3310542
3310639
3310737
3310741
3310765
3310770
3311006
3311041
3311070
3311181
3311205
3311212
3311303
3311387
3311417
3311428
3311618
3311662
3311673
3311720
3311802
3311877
3312024
3312287
3312364
3312402
3312477
3312562
3312626
3312660
3312701
3312959
3312971
3313021
3313183
3313463
3313472
3313554
3313606
3313614
3313665
3313692
3313730
3313805
3313840
3314207
3314396
3314568
3314625
3314656
3314669
3314745
3314875
3314897
3314914
3314941
3314953
3314970
3315052
3315196
3315222
3315235
3315246
3315280
3315299
3315414
3315690
3315775
3315783
3315874
3315912
3315964
3316026
3316058
3316139
3316234
3316276
3316366
3316394
3316592
3316613
3316667
3316710
3316738
3316774
3316836
3316848
3316962
3317071
3317187
3317716
3317804
3317849
3317862
3317896
3318087
3318120
3318211
3318297
3318337
3318388
3318418
3318485
3318846
3318878
3318899
3318902
3318916
3319322
3319425
3319487
3319507
3319524
3319555
3319590
3319705
3319806
3319944
3319958
3320013
3320290
3320304
3320396
3320482
3320543
3320584
3320700
3320776
3320832
3320883
3320929
3320937
3320941
3320970
3321045
3321052
3321185
3321196
3321441
3321465
3321619
3322018
3322027
3322085
3322096
3322216
3322590
3322608
3322615
3322671
3322814
3322829
3322926
3322983
3323069
3323115
3323260
3323365
3323388
3323485
3323661
3323902
3323984
3324031
3324057
3324101
3324178
3324285
3324319
3324497
3324668
3324729
3324737
3325029
3325037
3325092
3325148
3325155
3325231
3325387
3325400
3325630
3325708
3325715
3325733
3325816
3326094
3326138
3326156
3326292
3326311
3326326
3326344
3326401
3326435
3326478
3326545
3326561
3326612
3326804
3326896
3326907
3326972
3327184
3327245
3327371
3327498
3327514
3327537
3327613
3327904
3327951
3327962
3328039
3328183
3328220
3328328
3328345
3328389
3328580
3328599
3328637
3328688
3328773
3328812
3328864
3329007
3329090
3329188
3329238
3329269
3329291
3329305
3329312
3329340
3329386
3329439
3329468
3329477
3329632
3329746
3329800
3330074
3330087
3330147
3330166
3330171
3330260
3330337
3330449
3330496
3330512
3330652
3330689
3330707
3330790
3330902
3330950
3331141
3331238
3331305
3331421
3331484
3331527
3331626
3331683
3331959
3332092
3332136
3332155
3332205
3332310
3332356
3332476
3332493
3332560
3332630
3332673
3332913
3332954
3333201
3333213
3333235
3333267
3333395
3333566
3333607
3333619
3333732
3333744
3333760
3333803
3333842
3333923
3334138
3334156
3334169
3334187
3334206
3334229
3334237
3334253
3334292
3334401
3334446
3334467
3334499
3334528
3334739
3334830
3334862
3334990
3335158
3335183
3335197
3335247
3335266
3335271
3335361
3335481
3335501
3335606
3335614
3335637
3335903
3335987
3336100
3336277
3336322
3336380
3336425
3336456
3336519
3336548
3336581
3336615
3336694
3336779
3336853
3336958
3336983
3336997
3337067
3337157
3337179
3337219
3337415
3337420
3337471
3337482
3337687
3337844
3337914
3337965
3338023
3338040
3338086
3338113
3338251
3338444
3338510
3338621
3338714
3339184
3339333
3339347
3339405
3339486
3339756
3339791
3339904
3340212
3340257
3340649
3340766
3340816
3340821
3340843
3340967
3340980
3341206
3341214
3341413
3341467
3341480
3341517
3341528
3341545
3341589
3341593
3341679
3341795
3341873
3341885
3342003
3342010
3342108
3342133
3342159
3342306
3342449
3342652
3342867
3343073
3343085
3343128
3343134
3343152
3343202
3343284
3343313
3343615
3343829
3343870
3343909
3344799
3344861
3344889
3344982
3345001
3345067
3345281
3345482
3345494
3345516
3345543
3345610
3346017
3346061
3346173
3346185
3346201
3346222
3346368
3346377
3346672
3346758
3346869
3346957
3347043
3347183
3347334
3347522
3347554
3347629
3347653
3347773
3347886
3348026
3348139
3348184
3348276
3348315
3348333
3348366
3348394
3348529
3348613
3348930
3349057
3349064
3349086
3349098
3349135
3349178
3349180
3349218
3349336
3349409
3349432
3349542
3349602
3349668
3349833
3349866
3349882
3349952
3349989
3350134
3350378
3350474
3350548
3350694
3350829
3350870
3350975
3351012
3351113
3351218
3351390
3351574
3351616
3351650
3351668
3351714
3351765
3351788
3351833
3351882
3351917
3352022
3352078
3352099
3352140
3352224
3352327
3352396
3352466
3352494
3352502
3352521
3352674
3352776
3352826
3352858
3352906
3352914
3352965
3352988
3352992
3353033
3353094
3353138
3353191
3353214
3353229
3353311
3353446
3353576
3353777
3353849
3353924
3353948
3354017
3354104
3354118
3354127
3354235
3354246
3354429
3354453
3354465
3354520
3354533
3354681
3354711
3354783
3354797
3354940
3355116
3355150
3355177
3355252
3355261
3355308
3355359
3355412
3355565
3355725
3355769
3355855
3355927
3355996
3356074
3356087
3356244
3356365
3356370
3356392
3356531
3356579
3357006
3357029
3357037
3357136
3357231
3357279
3357417
3357526
3357532
3357560
3357651
3357733
3357954
3357999
3358114
3358153
3358165
3358238
3358291
3358323
3358416
3358504
3358549
3358626
3358778
3358889
3358893
3358920
3358982
3358994
3359016
3359068
3359084
3359126
3359132
3359158
3359220
3359271
3359317
3359345
3359376
3359448
3359535
3359546
3359614
3359637
3359641
3359665
3359718
3359785
3359805
3359910
3359938
3359942
3360008
3360033
3360344
3360360
3360375
3360413
3360827
3360924
3360936
3361077
3361300
3361328
3361455
3361567
3361641
3361886
3361969
3362139
3362200
3362289
3362479
3362667
3362703
3362756
3362872
3362904
3362949
3363079
3363146
3363180
3363372
3363668
3363737
3363815
3363928
3364115
3364275
3364314
3364337
3364427
3364505
3364564
3364600
3364719
3364755
3364781
3364822
3364943
3365331
3365549
3365675
3365701
3365746
3365828
3365845
3365876
3365908
3366078
3366373
3366385
3366415
3366516
3366521
3366642
3366687
3366717
3366728
3366776
3366811
3366992
3367004
3367354
3367438
3367487
3367548
3367620
3367682
3367705
3367814
3367841
3367944
3368028
3368076
3368093
3368162
3368316
3368350
3368377
3368533
3368594
3368636
3368663
3368681
3368744
3368986
3369205
3369476
3369597
3369802
3369978
3369999
3370034
3370061
3370267
3370280
3370316
3370350
3370488
3370515
3370663
3370690
3370940
3370964
3370979
3371075
3371184
3371245
3371293
3371308
3371382
3371553
3371601
3371613
3371667
3372077
3372266
3372294
3372455
3372535
3372554
3372580
3372614
3372718
3372727
3372805
3372857
3372864
3372898
3372903
3372969
3373007
3373106
3373114
3373141
3373203
3373238
3373287
3373402
3373551
3373562
3373573
3373632
3373778
3373876
3374051
3374062
3374085
3374100
3374161
3374243
3374367
3374491
3374740
3374764
3374786
3374997
3375040
3375101
3375113
3375178
3375199
3375307
3375426
3375460
3375602
3375616
3375695
3375753
3375917
3375934
3376356
3376391
3376618
3376649
3376673
3376708
3376816
3376978
3377003
3377087
3377166
3377283
3377370
3377388
3377451
3377485
3377496
3377523
3377557
3377661
3377707
3377846
3377878
3377902
3378033
3378156
3378311
3378528
3378545
3378830
3378963
3379067
3379157
3379164
3379219
3379224
3379236
3379433
3379471
3379482
3379595
3379674
3379700
3379734
3379752
3379809
3379875
3379906
3379929
3379937
3380055
3380081
3380192
3380238
3380269
3380398
3380421
3380439
3380443
3380527
3380549
3380585
3380660
3380675
3380683
3380828
3380852
3380889
3380947
3380966
3381001
3381140
3381198
3381290
3381304
3381327
3381420
3381433
3381502
3381516
3381728
3381745
3381776
3381844
3381858
3381970
3382086
3382296
3382355
3382460
3382621
3382695
3382729
3382765
3382989
3383060
3383177
3383228
3383371
3383412
3383486
3383553
3383592
3383613
3383678
3383699
3383725
3383756
3383769
3383787
3383855
3383927
3384240
3384264
3384298
3384489
3384630
3384720
3384980
3385237
3385288
3385435
3385500
3385664
3385698
3385702
3385768
3385804
3385830
3385873
3385948
3386132
3386160
3386175
3386183
3386220
3386472
3386578
3386637
3386773
3386831
3386938
3387061
3387185
3387201
3387222
3387395
3387453
3387582
3387681
3387825
3387957
3387986
3388096
3388176
3388322
3388403
3388491
3388671
3388853
3388865
3388944
3388958
3389038
3389056
3389115
3389226
3389297
3389430
3389496
3389564
3389781
3389801
3389813
3389854
3389880
3390102
3390252
3390347
3390371
3390431
3390756
3390855
3391025
3391056
3391069
3391209
3391211
3391226
3391260
3391329
3391370
3391388
3391404
3391427
3391451
3391485
3391634
3391645
3391921
3392110
3392241
3392288
3392576
3392623
3392664
3392784
3392830
3392907
3392955
3393046
3393131
3393164
3393219
3393272
3393304
3393385
3393420
3393471
3393494
3393728
3393745
3393776
3393793
3393844
3393941
3393970
3394282
3394294
3394334
3394419
3394436
3394463
3394688
3394751
3394773
3394840
3394910
3395051
3395073
3395117
3395128
3395134
3395202
3395243
3395301
3395354
3395367
3395633
3395682
3395694
3395723
3395740
3395779
3395786
3395829
3395841
3396012
3396031
3396154
3396178
3396204
3396355
3396426
3396510
3396556
3396621
3396677
3396684
3396714
3396833
3396945
3396952
3397007
3397036
3397165
3397242
3397312
3397504
3397518
3397549
3397683
3397735
3398136
3398172
3398205
3398231
3398509
3398649
3398662
3398759
3398978
3399034
3399173
3399302
3399470
3399547
3399594
3399636
3399681
3399758
3399923
3399964
3399986
3300215
3300436
3300606
3300637
3300938
3301829
3301944
3302810
3302825
3303119
3303231
3303583
3304121
3304228
3304890
3304927
3305091
3305115
3305244
3305353
3305505
3305867
3306106
3306305
3306585
3307324
3307390
3308099
3308198
3308420
3308584
3308992
3309229
3309326
3309576
3310483
3310706
3311868
3312055
3312188
3312852
3313197
3313247
3313345
3313580
3313762
3314929
3315185
3315520
3315672
3315905
3316168
3316347
3316725
3316756
3316904
3317253
3317499
3317686
3318451
3318661
3318707
3319367
3320054
3320516
3320610
3320691
3321246
3321343
3321571
3321905
3322911
3323943
3324218
3324409
3324432
3324706
3324894
3325065
3325181
3325428
3325662
3326206
3326253
3326358
3326739
3326827
3327855
3328050
3328898
3328910
3329852
3329889
3330025
3330159
3330226
3331106
3331129
3331192
3331225
3331966
3332163
3332461
3332733
3333017
3333104
3333127
3333162
3333222
3333437
3333624
3334311
3334552
3334593
3334827
3334981
3335220
3335294
3335419
3335751
3335805
3335879
3335898
3336073
3336841
3336944
3337521
3337568
3337970
3338180
3338262
3338409
3338475
3338820
3338961
3339308
3339359
3339601
3339680
3340124
3340338
3342512
3342880
3342921
3342968
3343030
3343145
3343633
3344048
3344188
3344468
3344754
3345447
3345550
3345745
3345988
3346681
3347111
3347208
3347233
3347271
3347294
3347389
3347796
3348150
3348382
3349167
3349285
3349372
3350202
3350346
3350469
3350647
3350659
3350731
3350806
3350841
3351057
3351122
3351180
3351706
3351961
3352482
3352687
3352761
3353169
3353702
3353896
3353936
3354559
3354648
3354663
3354912
3354964
3355009
3355347
3355514
3355592
3356115
3356617
3356921
3357387
3357476
3357708
3357802
3358048
3358722
3359095
3359688
3359956
3360015
3360383
3360500
3360612
3360631
3361215
3361233
3361393
3361424
3361580
3361637
3362359
3362570
3362592
3362881
3364211
3364392
3364523
3364645
3364846
3365192
3365421
3365933
3366236
3366304
3367176
3367740
3368299
3368891
3368931
3369006
3369065
3369119
3369155
3369662
3370196
3370726
3370803
3370931
3371927
3372021
3372208
3372942
3373048
3374335
3374425
3375336
3375741
3376597
3376685
3377194
3377306
3377341
3377867
3377950
3377995
3378326
3378383
3378593
3378827
3378885
3378896
3381638
3381734
3382587
3383996
3384029
3384369
3384532
3384685
3384884
3384895
3385094
3385174
3385750
3386043
3386126
3386501
3386641
3387045
3387316
3387648
3387775
3388313
3388892
3389232
3389283
3389329
3389365
3389531
3389693
3389977
3390011
3390333
3390951
3391108
3391813
3391939
3391995
3392480
3392552
3393858
3394472
3394535
3396122
3396372
3396587
3396639
3396820
3397477
3397852
3398325
3398816
3399201
3399891
