1800117
1800193
1800243
1800354
1800380
1800456
1800581
1800712
1800909
1800960
1801458
1801621
1801639
1801650
1801684
1801917
1801934
1802001
1802013
1802112
1802164
1802272
1802447
1802625
1802728
1802761
1803142
1803265
1803358
1803360
1803383
1803397
1803467
1803500
1803534
1803631
1803907
1804093
1804280
1804520
1804648
1804758
1804803
1804856
1804986
1805184
1805293
1805315
1805498
1805565
1805601
1805622
1805738
1805824
1805881
1805927
1805930
1805951
1806003
1806133
1806226
1806329
1806353
1806370
1806586
1806634
1806724
1806943
1807107
1807190
1807205
1807338
1807733
1807935
1807980
1809132
1809259
1809334
1809393
1809535
1809546
1809554
1809567
1809578
1809688
1809857
1810037
1810279
1810980
1810999
1811059
1811413
1811686
1811795
1812091
1812115
1812166
1812232
1812473
1812531
1812736
1812916
1812950
1813100
1813176
1813250
1813284
1813335
1813354
1813438
1813456
1813491
1813519
1813563
1814141
1814225
1814242
1814331
1814364
1814386
1814443
1814658
1815179
1815186
1815198
1815482
1816185
1816222
1816429
1816559
1816690
1816711
1816758
1817132
1817160
1817352
1817762
1818044
1818121
1818366
1818479
1818680
1818962
1819204
1819218
1819249
1819296
1819458
1819525
1819643
1819677
1819770
1819934
1820225
1820242
1820312
1820443
1821236
1821327
1821408
1821595
1821603
1821638
1821687
1821844
1822031
1822101
1822262
1822273
1822307
1822348
1822411
1822503
1822602
1822616
1822684
1822737
1822765
1822770
1822859
1823228
1823234
1823276
1823366
1823498
1823601
1823725
1823756
1823855
1823918
1824065
1824190
1824240
1824476
1824560
1824696
1824839
1824954
1824999
1825187
1825292
1825360
1825422
1825467
1825679
1825784
1825830
1825862
1825873
1826183
1826215
1826448
1826554
1826704
1826886
1827235
1827343
1827350
1827775
1827887
1827912
1828128
1828152
1828189
1828313
1828367
1828456
1828581
1828865
1828926
1829108
1829147
1829244
1829260
1829306
1829337
1829353
1829449
1829564
1829598
1829719
1829781
1829916
1830440
1830537
1830588
1830601
1830678
1830680
1830710
1830738
1830774
1830855
1830904
1830985
1831069
1831133
1831297
1831370
1831388
1831427
1831822
1831835
1831921
1831995
1832125
1832270
1832593
1832623
1832640
1832862
1833224
1833494
1833502
1833584
1833700
1833811
1833858
1834160
1834345
1834393
1834653
1834749
1834831
1834969
1835018
1835117
1835216
1835456
1835519
1835563
1835740
1835798
1835829
1835909
1836167
1836381
1836525
1836847
1836866
1836976
1837192
1837210
1837402
1837421
1837527
1837551
1837609
1837713
1837959
1837966
1838053
1838172
1838264
1838417
1838434
1838476
1838558
1838720
1838980
1839076
1839339
1839350
1839406
1839470
1839547
1840094
1840169
1840311
1840679
1840686
1840721
1840849
1840862
1840919
1840963
1841490
1841688
1841864
1842011
1842320
1842635
1842654
1842819
1842824
1842836
1842930
1843023
1843064
1843122
1843154
1843616
1843650
1843729
1843765
1844115
1844166
1844260
1844353
1844600
1844736
1844867
1845203
1845596
1845611
1845644
1845722
1846105
1846318
1846447
1846471
1846674
1846728
1846761
1846953
1847049
1847096
1847216
1847239
1847301
1847469
1847536
1847615
1847764
1847853
1847911
1848028
1848130
1848151
1848246
1848254
1848343
1848437
1848453
1848492
1848515
1848520
1848744
1848760
1848783
1848986
1849136
1849356
1849493
1849526
1849532
1849618
1849747
1849895
1849922
1849935
1850101
1850135
1850154
1850285
1850336
1850390
1850411
1850882
1851006
1851107
1851205
1851223
1851338
1851391
1851428
1851532
1851575
1851583
1851649
1851715
1851794
1851901
1851913
1851946
1851980
1852048
1852081
1852331
1852450
1852518
1852573
1852596
1852780
1852893
1852915
1853175
1853334
1853580
1853614
1853879
1854112
1854290
1854543
1854809
1854875
1854992
1855045
1855127
1855130
1855149
1855222
1855395
1855508
1855533
1855566
1855663
1855810
1855842
1855891
1855905
1855931
1855964
1856075
1856116
1856200
1856366
1856412
1856635
1856996
1857059
1857397
1857561
1857657
1857702
1857827
1857907
1857963
1858306
1858485
1858505
1858645
1858693
1858736
1858781
1858977
1859027
1859284
1859380
1859399
1859425
1859620
1859666
1859682
1859694
1859723
1859764
1859837
1859865
1859909
1860208
1860247
1860317
1860419
1860472
1860688
1860773
1860785
1860925
1861062
1861189
1861590
1861633
1861757
1861870
1862089
1862162
1862213
1862368
1862465
1862655
1862672
1862681
1862838
1862842
1862998
1863070
1863088
1863148
1863338
1863356
1863627
1863651
1863715
1863816
1863843
1863935
1863980
1864044
1864075
1864320
1864366
1864405
1864423
1864464
1864479
1864537
1864756
1864930
1865074
1865473
1865523
1865736
1865867
1866274
1866340
1866416
1866450
1866504
1866551
1866611
1866644
1866658
1866701
1866852
1867146
1867285
1867324
1867542
1867621
1867643
1867737
1867741
1867847
1867894
1867952
1868013
1868420
1868494
1868502
1868539
1868809
1869214
1869478
1869500
1869612
1869750
1869784
1869896
1869948
1869981
1869990
1870035
1870263
1870373
1870656
1870745
1870809
1871045
1871149
1871213
1871235
1871267
1871429
1871441
1871607
1871732
1871887
1871905
1872062
1872100
1872239
1872277
1872335
1872425
1872841
1873133
1873209
1873418
1873462
1873579
1873854
1874098
1874167
1874199
1874218
1874285
1874503
1874542
1874792
1874815
1875041
1875369
1875489
1875651
1875685
1875794
1875999
1876047
1876206
1876214
1876413
1876454
1876480
1876534
1876612
1876716
1876862
1876896
1876955
1877083
1877252
1877405
1877506
1877553
1877667
1877680
1877848
1877973
1877996
1878021
1878158
1878334
1878393
1878535
1878554
1878606
1878730
1878749
1878969
1879137
1879141
1879421
1879484
1879562
1879861
1880003
1880120
1880194
1880226
1880392
1880485
1880512
1880652
1880707
1880748
1880943
1881153
1881188
1881269
1881305
1881596
1881626
1881746
1881778
1881861
1881982
1881994
1882298
1882310
1882387
1882583
1882618
1882884
1882922
1882935
1882980
1883000
1883052
1883213
1883339
1883395
1883414
1883508
1883732
1883760
1883803
1883998
1884138
1884288
1884311
1884454
1884528
1884552
1884818
1884830
1884919
1884936
1885095
1885197
1885419
1885463
1885481
1885501
1885578
1885629
1885886
1885969
1886004
1886128
1886202
1886403
1886456
1886524
1886723
1886740
1886892
1886983
1886997
1887164
1887236
1887281
1887327
1887349
1887385
1887408
1887669
1887789
1887811
1887988
1888040
1888101
1888113
1888227
1888230
1888483
1888569
1888602
1889011
1889026
1889097
1889150
1889725
1889756
1889787
1889863
1889918
1890028
1890213
1890648
1890690
1890797
1891276
1891412
1891537
1891565
1891742
1891774
1891791
1891890
1892095
1892126
1892215
1892266
1892345
1892455
1892490
1892785
1893048
1893129
1893137
1893357
1893386
1893402
1893443
1893754
1894027
1894284
1894322
1894487
1894536
1894590
1894712
1894779
1894786
1894841
1895040
1895098
1895146
1895262
1895411
1895765
1895833
1895866
1895945
1895952
1896264
1896279
1896286
1896493
1896560
1896708
1896759
1896782
1896850
1897087
1897108
1897133
1897194
1897209
1898066
1898103
1898142
1898174
1898311
1898326
1898401
1898528
1898589
1898657
1898721
1898739
1898919
1898936
1899123
1899164
1899482
1899516
1899577
1899642
1899656
1899809
1899811
1899970
1899992
