2400013
2400046
2400067
2400207
2400327
2400349
2400420
2400734
2400789
2400914
2400929
2400953
2400992
2401339
2401395
2401571
2401758
2402152
2402216
2402295
2402438
2402442
2402647
2402666
2402865
2402926
2403260
2403645
2403676
2403736
2403781
2403846
2403984
2404204
2404227
2404319
2404336
2404348
2404458
2404538
2404639
2404737
2404753
2404900
2404928
2404934
2404961
2405006
2405014
2405070
2405163
2405264
2405387
2405391
2405417
2405733
2405884
2406008
2406059
2406206
2406253
2406309
2406545
2406576
2406589
2406612
2406686
2406768
2406830
2406990
2407143
2407359
2407371
2407553
2407570
2407601
2407819
2407985
2408111
2408158
2408259
2408317
2408334
2408472
2408546
2408637
2408886
2408974
2409007
2409055
2409477
2409778
2409908
2409915
2410011
2410032
2410044
2410195
2410320
2410359
2410464
2410529
2410667
2410863
2410881
2410949
2411147
2411283
2411523
2411921
2411984
2412156
2412229
2412241
2412292
2412478
2412612
2412777
2412919
2412924
2412981
2413001
2413078
2413080
2413105
2413112
2413373
2413396
2413433
2413595
2413728
2413860
2414002
2414175
2414294
2414407
2414463
2414796
2414805
2414840
2415030
2415096
2415354
2415380
2415425
2415666
2415740
2415837
2415853
2415888
2415892
2415983
2416079
2416381
2416871
2416894
2416928
2416989
2416993
2417063
2417072
2417170
2417192
2417225
2417484
2417660
2417683
2417722
2417778
2418029
2418172
2418286
2418338
2418526
2418597
2418708
2418771
2418877
2419162
2419196
2419299
2419316
2419414
2419571
2419672
2419690
2419803
2419887
2419891
2419912
2420016
2420021
2420109
2420317
2420334
2420393
2420637
2420641
2420670
2420730
2420751
2420762
2421117
2421176
2421313
2421354
2421590
2421615
2421694
2421731
2421853
2422104
2422196
2422395
2422453
2422594
2422711
2422838
2422856
2423088
2423181
2423212
2423369
2423391
2423544
2423575
2423630
2423649
2423747
2423999
2424058
2424200
2424506
2424514
2424588
2424654
2425166
2425232
2425244
2425283
2425314
2425496
2425707
2425813
2425854
2425867
2426063
2426129
2426141
2426188
2426421
2426527
2426585
2426683
2426735
2426754
2426780
2426915
2426966
2427064
2427204
2427296
2427475
2427483
2427510
2427788
2428054
2428080
2428123
2428157
2428373
2428408
2428482
2428539
2428638
2428674
2428734
2428745
2428789
2428793
2428844
2428875
2428965
2429020
2429047
2429309
2429640
2429990
2430107
2430223
2430526
2430662
2430715
2430839
2430843
2430922
2430999
2431047
2431169
2431237
2431344
2431422
2431605
2431631
2431948
2432091
2432159
2432171
2432297
2432451
2432462
2432564
2432586
2432781
2433085
2433128
2433193
2433202
2433367
2433380
2433548
2433572
2433581
2433712
2433731
2433764
2433932
2434203
2434331
2434340
2434504
2434573
2434817
2434852
2434959
2434994
2435157
2435550
2435610
2436017
2436028
2436278
2436350
2436368
2436384
2436465
2436533
2436681
2436758
2437109
2437490
2437796
2438116
2438347
2438366
2438457
2438486
2438553
2438872
2438890
2438949
2439249
2439497
2439643
2439788
2439833
2439859
2440133
2440182
2440451
2440579
2440600
2440822
2440867
2441129
2441141
2441225
2441287
2441312
2441331
2441468
2441697
2441701
2441713
2441971
2442006
2442037
2442205
2442461
2442560
2442630
2442782
2442901
2442954
2443034
2443213
2443299
2443533
2443559
2443803
2443957
2443986
2444020
2444241
2444332
2444383
2444589
2444750
2444784
2444873
2444972
2445016
2445043
2445158
2445197
2445393
2445567
2445886
2445898
2446152
2446354
2446403
2446555
2446608
2446671
2446740
2446911
2447123
2447186
2447263
2447272
2447362
2447466
2447610
2447691
2447832
2447858
2447965
2448079
2448273
2448381
2448409
2448444
2448569
2448621
2448643
2448706
2448753
2448917
2449228
2449359
2449479
2449601
2449918
2449951
2450017
2450061
2450089
2450254
2450339
2451075
2451102
2451195
2451479
2451529
2451588
2451622
2451667
2451872
2451985
2452095
2452109
2452259
2452266
2452334
2452419
2452546
2452578
2452580
2452749
2453210
2453274
2453323
2453357
2453697
2453754
2454018
2454096
2454145
2454284
2454399
2454403
2454410
2454438
2454608
2454682
2455218
2455227
2455296
2455650
2455668
2455820
2455866
2455900
2455945
2456037
2456053
2456240
2456257
2456374
2456489
2456532
2456715
2456747
2457074
2457091
2457120
2457209
2457275
2457306
2457353
2457736
2457763
2458047
2458241
2458253
2458375
2458413
2458478
2458612
2458664
2458784
2458873
2458963
2459035
2459078
2459330
2459408
2459420
2459539
2459610
2459687
2459761
2459776
2459897
2459914
2460036
2460048
2460072
2460090
2460129
2460305
2460323
2460504
2460562
2460626
2460632
2460828
2460920
2461179
2461224
2461466
2461550
2461752
2461826
2461860
2461970
2462154
2462204
2462230
2462273
2462319
2462390
2462569
2462706
2462917
2462993
2463011
2463150
2463308
2463565
2463787
2463863
2463881
2463973
2464119
2464212
2464303
2464338
2464445
2464766
2464946
2465008
2465020
2465047
2465241
2465309
2465435
2465500
2465534
2465631
2465777
2465804
2466109
2466144
2466175
2466407
2466554
2466665
2466751
2466925
2466938
2466942
2467278
2467384
2467488
2467520
2467571
2467672
2467690
2467709
2467797
2467803
2468085
2468176
2468216
2468380
2468507
2468608
2468712
2468909
2469074
2469115
2469120
2469329
2469449
2469755
2469763
2469880
2469916
2469939
2469984
2470313
2470519
2470666
2470705
2470757
2470841
2470870
2470926
2471031
2471135
2471230
2471475
2471503
2471765
2471808
2472046
2472067
2472112
2472494
2472860
2472897
2472992
2473020
2473082
2473138
2473241
2473344
2473576
2473657
2473664
2473702
2473777
2473795
2473963
2474000
2474173
2474201
2474280
2474406
2474515
2474672
2474797
2474842
2475009
2475032
2475083
2475200
2475553
2475588
2476010
2476120
2476194
2476209
2476232
2476244
2476275
2476353
2476392
2476430
2476451
2476564
2476579
2476661
2476790
2476867
2476916
2476943
2477041
2477148
2477240
2477369
2477428
2477489
2477526
2477696
2477759
2477794
2477895
2477946
2477954
2478072
2478114
2478129
2478416
2478573
2478722
2478780
2479328
2479554
2479751
2480066
2480103
2480138
2480191
2480237
2480311
2480332
2480360
2480454
2480478
2480500
2480589
2480686
2480702
2480750
2480784
2481266
2481376
2481407
2481419
2481481
2481513
2481567
2481578
2481840
2481879
2481898
2481987
2482315
2482371
2482440
2482506
2482592
2482973
2482996
2483012
2483023
2483098
2483180
2483251
2483285
2483372
2483411
2483639
2483684
2483847
2484069
2484232
2484473
2484540
2484564
2484600
2484634
2484645
2484755
2484878
2484968
2485055
2485072
2485170
2485323
2485364
2485379
2485386
2485402
2485439
2485450
2485495
2485585
2485767
2485982
2485994
2486112
2486186
2486236
2486255
2486281
2486420
2486459
2486568
2486674
2486844
2486970
2487049
2487100
2487152
2487243
2487301
2487378
2487620
2487659
2487975
2488368
2488582
2488672
2488726
2488744
2488979
2489041
2489070
2489257
2489298
2489434
2489627
2489747
2490040
2490204
2490218
2490285
2490348
2490363
2490460
2490525
2490569
2490616
2490621
2490639
2490668
2490993
2491240
2491257
2491649
2491766
2491913
2492024
2492081
2492238
2492323
2492340
2492527
2492562
2492585
2492596
2492611
2492644
2492994
2493002
2493095
2493215
2493352
2493481
2493749
2493938
2493987
2493991
2494078
2494207
2494351
2494385
2494433
2494543
2494811
2494858
2494860
2494875
2494906
2494929
2494953
2495028
2495089
2495222
2495441
2495559
2495825
2495838
2496058
2496479
2496498
2496514
2496613
2496680
2496774
2496881
2496918
2496930
2496985
2497033
2497066
2497103
2497253
2497309
2497358
2497401
2497413
2497593
2497605
2497827
2498069
2498108
2498388
2498540
2498579
2498600
2498693
2498772
2498878
2499004
2499202
2499221
2499239
2499284
2499295
2499301
2499322
2499367
2499438
2499474
2499563
2499705
2499764
2499779
