5500097
5500245
5500347
5500440
5500769
5500824
5500927
5501091
5501404
5501557
5501586
5501867
5501878
5502008
5502033
5502047
5502071
5502326
5502360
5502383
5502576
5502716
5502750
5502804
5503001
5503255
5503502
5503844
5503858
5503875
5503965
5504111
5504208
5504215
5504266
5504300
5504334
5504455
5504637
5504762
5504773
5504857
5505051
5505161
5505295
5505519
5505548
5505615
5505712
5505779
5505798
5505870
5506381
5506460
5506503
5506542
5506639
5506650
5506677
5506684
5506706
5506788
5506847
5507019
5507072
5507269
5507323
5507527
5507549
5507585
5507658
5507982
5508037
5508172
5508190
5508417
5508434
5508558
5508673
5508708
5508967
5509034
5509118
5509130
5509547
5509559
5509636
5509838
5510007
5510024
5510048
5510072
5510153
5510340
5510364
5510439
5510504
5510551
5510658
5510799
5510845
5510908
5511080
5511396
5511521
5511595
5511687
5511700
5511937
5511953
5511988
5512064
5512591
5512729
5512765
5512788
5512871
5512928
5512961
5513102
5513276
5513412
5513423
5513486
5513529
5513738
5513863
5514298
5514428
5514461
5514493
5514884
5514901
5515020
5515110
5515125
5515237
5515534
5515612
5515907
5515919
5516077
5516126
5516144
5516247
5516266
5516294
5516407
5516419
5516455
5516580
5516637
5516762
5516785
5516910
5517061
5517118
5517151
5517185
5517321
5517547
5517681
5517690
5517797
5517838
5518062
5518085
5518100
5518221
5518268
5518378
5518399
5518403
5518555
5518666
5518779
5518798
5518837
5518911
5519042
5519133
5519194
5519232
5519283
5519370
5519724
5519772
5519781
5520006
5520088
5520338
5520400
5520434
5520493
5520685
5520708
5520794
5520895
5520980
5521008
5521082
5521142
5521191
5521309
5521311
5521375
5521478
5521657
5521698
5522003
5522069
5522297
5522449
5522462
5522564
5522645
5522736
5522755
5522772
5522835
5522867
5522995
5523243
5523284
5523380
5523682
5523705
5523837
5523958
5523960
5524007
5524153
5524192
5524210
5524386
5524450
5524611
5524746
5525035
5525131
5525219
5525263
5525290
5525318
5525502
5525539
5525625
5525700
5525734
5526104
5526343
5526825
5527002
5527016
5527077
5527095
5527208
5527328
5527513
5527688
5528060
5528276
5528308
5528498
5528592
5528699
5528774
5529023
5529167
5529251
5529262
5529319
5529411
5529684
5529714
5529833
5529866
5530027
5530216
5530243
5530442
5530456
5530666
5530909
5531012
5531180
5531218
5531251
5531737
5531788
5531815
5531820
5531866
5532067
5532236
5532248
5532521
5532584
5532595
5532809
5532860
5533033
5533082
5533142
5533344
5533397
5533552
5533589
5533593
5533698
5533702
5533818
5533830
5533885
5534000
5534061
5534104
5534201
5534470
5534655
5534711
5534732
5535116
5535184
5535234
5535289
5535293
5535315
5535366
5535553
5535570
5535601
5535654
5535667
5535791
5535930
5535985
5536087
5536182
5536392
5536512
5536634
5536719
5536763
5536880
5536984
5537006
5537088
5537391
5537583
5537685
5537816
5537946
5538036
5538269
5538323
5538439
5538527
5538609
5538713
5539050
5539183
5539727
5539991
5540067
5540123
5540272
5540433
5540466
5540521
5540543
5540568
5540603
5540610
5540642
5540832
5540844
5540965
5541076
5541104
5541149
5541173
5541278
5541302
5541384
5541429
5541488
5541672
5542134
5542380
5542425
5542620
5542659
5542705
5542786
5542829
5543003
5543120
5543211
5543244
5543314
5543329
5543365
5543449
5543600
5543724
5543781
5543899
5543943
5544113
5544122
5544178
5544319
5544643
5544650
5544833
5545029
5545181
5545264
5545369
5545558
5545618
5545816
5545821
5545843
5545877
5545935
5546033
5546480
5546702
5546972
5547026
5547102
5547200
5547245
5547431
5547703
5547742
5547756
5547807
5547855
5547904
5548158
5548183
5548436
5548490
5548580
5548704
5548730
5548987
5549081
5549153
5549269
5549398
5549439
5549609
5549915
5549971
5550010
5550025
5550159
5550232
5550258
5550652
5551024
5551274
5551287
5551331
5551357
5551450
5551817
5551908
5551982
5552029
5552181
5552212
5552240
5552257
5552369
5552452
5552511
5552618
5552850
5552877
5552954
5553201
5553302
5553414
5553488
5553624
5553726
5553912
5553940
5554008
5554288
5554383
5554413
5554528
5554623
5554686
5554716
5554919
5555175
5555247
5555271
5555300
5555389
5555522
5555567
5555629
5555665
5555751
5555812
5556216
5556367
5556442
5556469
5556572
5556666
5556958
5557022
5557207
5557272
5557362
5557459
5557502
5557539
5557610
5557700
5557776
5557988
5558101
5558154
5558218
5558227
5558230
5558251
5558307
5558475
5558569
5558587
5558820
5558882
5559102
5559479
5559570
5559592
5559667
5559787
5559807
5559848
5559855
5559890
5559927
5560278
5560343
5560453
5560571
5560825
5560838
5561060
5561143
5561366
5561405
5561423
5561588
5561613
5561646
5561774
5561930
5562021
5562095
5562109
5562294
5562501
5562578
5562692
5562749
5562762
5562974
5562987
5563081
5563129
5563323
5563340
5563504
5563551
5563573
5563746
5563852
5564176
5564301
5564346
5564354
5564399
5564425
5564474
5564615
5564806
5564944
5565079
5565146
5565178
5565199
5565348
5565460
5565538
5565695
5565792
5565820
5566417
5566476
5566575
5566630
5566913
5566946
5567133
5567147
5567159
5567182
5567194
5567329
5567564
5567748
5567772
5567781
5567790
5567822
5567916
5567968
5567984
5567995
5568033
5568110
5568125
5568253
5568265
5568332
5568454
5568499
5568623
5568702
5568849
5569105
5569272
5569349
5569385
5569625
5569937
5570138
5570214
5570309
5570919
5570990
5571220
5571419
5571522
5571606
5571614
5571665
5572009
5572044
5572083
5572139
5572184
5572228
5572412
5572646
5572667
5572881
5573064
5573101
5573218
5573792
5573859
5573866
5573993
5574038
5574091
5574133
5574171
5574306
5574337
5574531
5574661
5574781
5574902
5575188
5575386
5575495
5575562
5575754
5575817
5576022
5576105
5576385
5576420
5576539
5576603
5576761
5576832
5576875
5576937
5577004
5577073
5577250
5577403
5577487
5577491
5577548
5577563
5577659
5577712
5577911
5578017
5578028
5578254
5578465
5578533
5578594
5578923
5579029
5579037
5579124
5579212
5579356
5579493
5579509
5579544
5579604
5579673
5579715
5580199
5580218
5580483
5580587
5580639
5580677
5580788
5580808
5580882
5581119
5581136
5581286
5581452
5581476
5581604
5581618
5581651
5581999
5582090
5582141
5582188
5582323
5582340
5582357
5582379
5582443
5582504
5582596
5582632
5582722
5582834
5583126
5583389
5583535
5583751
5583773
5584067
5584078
5584105
5584734
5584793
5585162
5585185
5585235
5585343
5585508
5585709
5585726
5585803
5585923
5586168
5586217
5586276
5586431
5586479
5586667
5586819
5586962
5587125
5587214
5587229
5587375
5587413
5587435
5587534
5587698
5587851
5588010
5588056
5588115
5588147
5588283
5588628
5588634
5588763
5588846
5588878
5589152
5589250
5589268
5589367
5589438
5589633
5589659
5590002
5590039
5590132
5590300
5590328
5590361
5590376
5590424
5590637
5590751
5590857
5591536
5591548
5591731
5591786
5592093
5592127
5592149
5592151
5592162
5592350
5592842
5592856
5592986
5593070
5593148
5593279
5593387
5593489
5593618
5593630
5593651
5593733
5593794
5593839
5593868
5593884
5594252
5594276
5594394
5594440
5594506
5594622
5594930
5594985
5595159
5595166
5595226
5595297
5595329
5595449
5595676
5595755
5595902
5595939
5595943
5596269
5596291
5596305
5596421
5596675
5596982
5597230
5597319
5597355
5597569
5597574
5597753
5597833
5598013
5598112
5598186
5598330
5598447
5598521
5599008
5599125
5599229
5599241
5599413
