3000067
3000131
3000539
3000584
3000745
3000752
3000832
3000860
3000906
3001000
3001384
3001533
3001566
3001619
3001760
3001775
3001979
3002100
3002117
3002189
3002250
3002284
3002354
3002491
3002740
3002870
3002926
3002975
3003025
3003133
3003166
3003505
3003586
3003835
3003902
3004135
3004556
3004770
3004788
3004820
3004847
3004900
3004945
3004976
3005037
3005205
3005310
3005338
3005391
3005445
3005461
3005511
3005575
3005850
3005980
3006094
3006360
3006375
3006721
3006743
3006795
3006873
3006948
3007032
3007083
3007252
3007514
3007646
3007654
3007791
3007949
3008021
3008095
3008126
3008144
3008175
3008220
3008247
3008294
3008424
3008436
3008481
3008535
3008670
3008730
3008749
3009129
3009188
3009210
3009225
3009439
3009530
3009596
3009701
3009915
3009920
3010308
3010371
3010506
3010541
3010742
3010863
3010890
3010927
3010949
3011232
3011427
3011880
3011902
3011995
3012241
3013013
3013198
3013207
3013290
3013521
3013752
3013761
3013809
3013858
3013970
3014016
3014043
3014448
3014567
3014606
3014727
3014903
3014925
3014942
3015145
3015193
3015250
3015313
3015346
3015456
3016098
3016154
3016199
3016204
3016218
3016409
3016706
3016729
3016753
3016882
3016894
3016917
3016952
3016976
3017153
3017203
3017305
3017357
3017527
3017828
3018014
3018172
3018181
3018325
3018434
3018445
3018511
3018575
3018604
3018649
3018715
3018821
3019246
3019316
3019339
3019470
3019515
3019998
3020077
3020084
3020389
3020448
3020641
3020785
3020857
3021524
3021548
3021647
3021666
3021712
3021757
3022052
3022061
3022130
3022162
3022235
3022339
3022377
3022441
3022533
3022571
3022619
3022648
3022760
3022775
3022887
3022964
3023053
3023136
3023163
3023212
3023298
3023342
3023369
3023627
3023708
3023733
3023839
3024293
3024366
3024622
3024667
3024725
3024742
3024819
3024836
3024863
3024927
3025108
3025120
3025159
3025182
3025275
3025427
3025564
3025652
3025689
3025790
3025822
3025984
3026090
3026106
3026137
3026141
3026269
3026274
3026626
3026644
3026683
3026767
3026799
3026817
3027319
3027363
3027460
3027569
3027808
3027859
3027917
3028001
3028078
3028248
3028255
3028281
3028385
3028482
3028516
3028610
3028674
3028687
3028728
3028811
3028860
3029187
3029237
3029413
3029422
3029545
3029552
3029851
3030088
3030136
3030240
3030387
3030509
3030685
3031020
3031237
3031309
3031499
3031605
3031623
3031777
3031784
3031896
3032056
3032166
3032258
3032353
3032427
3032473
3032523
3032579
3032676
3032813
3032939
3032984
3032995
3033117
3033145
3033268
3033284
3033425
3033620
3033633
3033671
3033764
3034398
3034611
3034713
3034722
3034746
3034780
3035080
3035248
3035318
3035610
3035669
3035674
3035761
3035811
3035937
3036061
3036302
3036441
3036453
3036533
3036582
3036905
3037021
3037132
3037158
3037220
3037271
3037419
3037481
3037599
3037629
3037637
3037796
3037974
3038011
3038032
3038044
3038195
3038359
3038541
3038646
3038680
3038769
3038848
3038927
3039079
3039249
3039307
3039355
3039458
3039525
3039542
3039714
3039859
3040337
3040564
3040854
3040880
3041238
3041274
3041331
3041416
3041468
3041530
3041780
3041947
3041959
3042037
3042136
3042148
3042172
3042223
3042369
3042374
3042445
3042476
3042649
3042794
3042877
3042884
3042922
3042967
3042999
3043000
3043045
3043127
3043130
3043280
3043302
3043377
3043395
3043406
3043441
3043607
3043874
3043923
3044138
3044478
3044623
3044657
3044664
3044679
3044750
3044885
3045016
3045039
3045220
3045361
3045490
3045641
3045718
3045749
3045805
3045823
3045879
3045942
3046049
3046117
3046189
3046277
3046295
3046474
3046555
3046620
3046647
3046723
3046731
3046740
3047131
3047349
3047502
3047674
3047717
3048390
3048409
3048426
3048497
3048569
3048668
3048820
3048859
3048976
3049097
3049102
3049200
3049320
3049514
3049529
3049537
3049654
3049680
3050061
3050118
3050130
3050162
3050196
3050201
3050213
3050235
3050321
3050384
3050508
3050515
3050566
3050648
3050758
3050803
3050957
3050964
3050998
3051168
3051738
3051855
3051918
3052144
3052259
3052352
3052361
3052389
3052436
3052455
3052614
3052704
3052879
3052898
3053129
3053210
3053256
3053274
3053287
3053364
3053530
3053959
3054134
3054176
3054438
3054491
3054507
3054590
3054682
3054712
3054888
3054932
3055040
3055079
3055098
3055204
3055475
3055538
3055574
3055729
3055833
3055859
3056006
3056107
3056400
3056461
3056544
3056558
3056604
3056922
3057025
3057159
3057329
3057337
3057392
3057404
3057430
3057557
3057707
3057902
3057939
3057943
3057977
3058082
3058169
3058265
3058499
3058534
3058804
3059035
3059236
3059248
3059255
3059327
3059408
3059433
3059466
3059625
3059789
3059953
3060225
3060291
3060386
3060398
3060596
3060632
3060675
3060683
3060713
3060722
3060834
3061001
3061099
3061131
3061318
3061471
3061543
3061809
3061844
3061875
3061970
3061988
3062040
3062098
3062199
3062458
3062483
3062538
3062542
3062871
3063009
3063011
3063060
3063116
3063143
3063228
3063261
3063289
3063423
3063440
3063464
3063541
3063949
3063951
3063985
3063996
3064092
3064476
3064493
3064575
3064662
3064673
3064771
3064802
3064839
3064935
3065311
3065360
3065401
3065499
3065552
3065612
3065750
3065777
3065804
3065919
3065955
3066043
3066144
3066271
3066407
3066455
3066463
3066554
3066749
3066751
3066773
3066796
3067222
3067343
3067368
3067414
3067470
3067488
3067709
3067986
3068051
3068134
3068145
3068410
3068519
3068563
3068723
3068975
3069182
3069449
3069579
3069661
3070100
3070268
3070284
3070313
3070410
3070555
3070647
3070779
3070829
3070870
3070909
3070932
3070960
3070997
3071005
3071086
3071122
3071324
3071833
3071859
3071866
3072140
3072290
3072304
3072351
3072447
3072543
3072577
3072687
3072897
3073059
3073082
3073103
3073589
3073605
3073702
3073750
3073830
3073851
3074017
3074045
3074052
3074151
3074196
3074222
3074321
3074559
3074566
3074594
3074624
3074648
3075009
3075083
3075613
3075635
3075678
3075680
3075703
3075738
3075769
3075863
3075904
3076133
3076194
3076370
3076473
3076586
3076846
3076867
3076899
3077119
3077155
3077231
3077338
3077369
3077493
3077544
3077558
3077673
3077708
3078192
3078527
3079016
3079043
3079050
3079158
3079197
3079300
3079436
3079599
3079665
3079688
3079879
3079903
3080033
3080094
3080103
3080270
3080605
3080750
3080896
3080981
3081002
3081068
3081158
3081175
3081436
3081578
3081670
3081692
3081903
3081987
3082011
3082075
3082143
3082200
3082308
3082457
3082553
3082678
3082699
3082738
3082787
3082791
3082881
3083040
3083146
3083178
3083273
3083296
3083307
3083381
3083460
3083574
3083639
3083684
3083714
3084244
3084427
3084451
3084485
3084557
3084564
3084736
3084755
3084763
3084899
3084916
3084921
3084943
3084968
3085170
3085188
3085238
3085274
3085477
3085484
3085504
3085683
3085780
3085959
3086022
3086198
3086420
3086494
3086550
3086568
3086595
3086906
3086914
3086953
3086970
3087004
3087117
3087152
3087176
3087193
3087301
3087712
3087764
3087806
3087837
3087853
3087958
3088127
3088196
3088280
3088343
3088350
3088437
3088887
3089107
3089205
3089298
3089374
3089509
3089651
3089685
3089696
3089782
3089877
3089901
3089980
3090101
3090122
3090167
3090180
3090204
3090251
3090355
3090381
3090426
3090668
3090900
3091461
3091597
3091999
3092063
3092165
3092203
3092518
3092530
3092778
3092889
3093345
3093436
3093463
3093481
3093490
3093903
3093991
3094351
3094415
3094494
3094543
3094610
3094687
3094691
3094717
3094793
3094937
3095185
3095222
3095299
3095377
3095384
3095566
3095619
3095624
3095648
3095681
3095758
3095838
3096102
3096431
3096479
3096486
3096592
3096855
3097033
3097156
3097187
3097360
3097552
3097561
3097631
3097750
3097919
3097972
3098025
3098038
3098159
3098232
3098329
3098449
3098600
3098977
3098995
3099030
3099239
3099268
3099572
3099647
3099837
3099841
3099911
3099960
