5700030
5700073
5700322
5700367
5700378
5700380
5700438
5700507
5700590
5700865
5700909
5701098
5701363
5701411
5701432
5701444
5701475
5701510
5701591
5701900
5701945
5701976
5702140
5702281
5702318
5702433
5702734
5702745
5702761
5702844
5702941
5703059
5703142
5703214
5703241
5703311
5703358
5703589
5703721
5703818
5703972
5704000
5704061
5704368
5704429
5704672
5704690
5704891
5704905
5705083
5705102
5705261
5705457
5705601
5705725
5705824
5705863
5706056
5706115
5706275
5706283
5706540
5706579
5706902
5706977
5706995
5707088
5707298
5707310
5707325
5707338
5707532
5707868
5708357
5708683
5708799
5709653
5709727
5709898
5709903
5710155
5710240
5710303
5710356
5710374
5710417
5710526
5710597
5710708
5710747
5711020
5711142
5711214
5711237
5711265
5711311
5711344
5711413
5711499
5711623
5711721
5711739
5711804
5712115
5712133
5712449
5712523
5712564
5712813
5712867
5713030
5713161
5713487
5713491
5713671
5713975
5714256
5714291
5714379
5714549
5714611
5714644
5714722
5714908
5714971
5715001
5715035
5715054
5715131
5715157
5715362
5715396
5715433
5715543
5715858
5715988
5716017
5716045
5716316
5716492
5716508
5716648
5716775
5716838
5716912
5717111
5717158
5717197
5717294
5717352
5717361
5717481
5717629
5717665
5717718
5717805
5717831
5717840
5717956
5717991
5718252
5718371
5718382
5718592
5718667
5718742
5718872
5718918
5718949
5719012
5719319
5719475
5719808
5719866
5719993
5720055
5720090
5720153
5720312
5720626
5720713
5720767
5720908
5721067
5721236
5721396
5721734
5721793
5721858
5721860
5722064
5722079
5722086
5722199
5722336
5722542
5722569
5722737
5722770
5722866
5722894
5722952
5722993
5723177
5723371
5723405
5723464
5723514
5723592
5723646
5723678
5723807
5723855
5723890
5723904
5724014
5724119
5724303
5724369
5724387
5724400
5724560
5725138
5725187
5725265
5725534
5725623
5725631
5725750
5725795
5725924
5726050
5726259
5726376
5726419
5726481
5726546
5726629
5726641
5726688
5726749
5726857
5726991
5727034
5727089
5727093
5727406
5727453
5727515
5727797
5727986
5728438
5728507
5728548
5728581
5728712
5728909
5728983
5729010
5729038
5729120
5729182
5729353
5729365
5729916
5729939
5730011
5730097
5730168
5730200
5730359
5730498
5730565
5730613
5730703
5730756
5730881
5731038
5731042
5731120
5731209
5731260
5731283
5731485
5731523
5731600
5731724
5731968
5732094
5732142
5732174
5732237
5732241
5732309
5732358
5732413
5732612
5732743
5732955
5733001
5733198
5733207
5733248
5733304
5733362
5733482
5733858
5733914
5733992
5734050
5734197
5734215
5734472
5734501
5734599
5734925
5734956
5735096
5735176
5735507
5735572
5735590
5735671
5735798
5735814
5736064
5736178
5736390
5736432
5736510
5736569
5736650
5736706
5736737
5736820
5736866
5736976
5737036
5737203
5737331
5737398
5737609
5737658
5737683
5737915
5737947
5737959
5737982
5737994
5738155
5738212
5738240
5738279
5738391
5738452
5738526
5738544
5738766
5738771
5738782
5738901
5738980
5739017
5739028
5739127
5739151
5739384
5739520
5739726
5739810
5739887
5740020
5740156
5740206
5740326
5740332
5740500
5740517
5740768
5740924
5741016
5741050
5741095
5741158
5741197
5741233
5741436
5741490
5741546
5741629
5741688
5741762
5741864
5742289
5742382
5742464
5742486
5742570
5742667
5743005
5743122
5743324
5743372
5743409
5743668
5743753
5743788
5744003
5744025
5744069
5744087
5744147
5744275
5744418
5744462
5744485
5744693
5744707
5744772
5744813
5744995
5745106
5745203
5745238
5745242
5745305
5745379
5745484
5745495
5745697
5745861
5746105
5746140
5746373
5746415
5746610
5746625
5746638
5746953
5746988
5747004
5747145
5747216
5747277
5747313
5747354
5747380
5747524
5747837
5747926
5747960
5748104
5748222
5748414
5748515
5748672
5748758
5748760
5748810
5748856
5749119
5749172
5749279
5749338
5749597
5749843
5749913
5749999
5750086
5750348
5750483
5750621
5750639
5750765
5750917
5751092
5751212
5751342
5751391
5751662
5751733
5751771
5751802
5752007
5752106
5752141
5752323
5752644
5752658
5752701
5752713
5752746
5752767
5752852
5752889
5752920
5753084
5753247
5753361
5753463
5753522
5753535
5753599
5753665
5753670
5753749
5753840
5753857
5753864
5753956
5754179
5754351
5754408
5754420
5754433
5754466
5754568
5754584
5754914
5754941
5755061
5755118
5755149
5755162
5755173
5755267
5755299
5755302
5755350
5755384
5755429
5755470
5755488
5755492
5755619
5755655
5755838
5755957
5756083
5756139
5756529
5756756
5756927
5757156
5757241
5757480
5757499
5757593
5757739
5757777
5757873
5757990
5758003
5758108
5758244
5758314
5758353
5758634
5758645
5758693
5758755
5758854
5758878
5759049
5759117
5759145
5759313
5759399
5759442
5759524
5759563
5759705
5759740
5759757
5759958
5760002
5760021
5760197
5760376
5760472
5760580
5760692
5760805
5760823
5761216
5761301
5761313
5761507
5761555
5761682
5761806
5761814
5762089
5762173
5762213
5762280
5762395
5762744
5762758
5762760
5762874
5762887
5762957
5763107
5763303
5763310
5763434
5763493
5763583
5763839
5763967
5764044
5764075
5764139
5764457
5764678
5764774
5764824
5764872
5765010
5765069
5765115
5765166
5765244
5765329
5765462
5765505
5765512
5765540
5765586
5765736
5765835
5765846
5765854
5766170
5766340
5766504
5766889
5767178
5767432
5767444
5767483
5767616
5767639
5767668
5767741
5767859
5768078
5768248
5768263
5768447
5768543
5768610
5768625
5768734
5769082
5769214
5769612
5769623
5769743
5769750
5769784
5769851
5769885
5769990
5770035
5770105
5770157
5770179
5770318
5770385
5770415
5770420
5770459
5770539
5770568
5770638
5770826
5770897
5770906
5770965
5771045
5771093
5771162
5771515
5771566
5771624
5771744
5771869
5771905
5771957
5772018
5772030
5772062
5772239
5772469
5772647
5772723
5772740
5772926
5773010
5773091
5773418
5773462
5773598
5773600
5773645
5773661
5773707
5773755
5773899
5774023
5774064
5774101
5774146
5774199
5774363
5774497
5774616
5774650
5774714
5774815
5774833
5774993
5775006
5775163
5775240
5775279
5775310
5775509
5775575
5775685
5775696
5775794
5776138
5776270
5776311
5776358
5776467
5776784
5776851
5776885
5776936
5777058
5777168
5777315
5777479
5777553
5777570
5777725
5777738
5777769
5777904
5777930
5778016
5778021
5778039
5778126
5778183
5778448
5778513
5778546
5778969
5779137
5779439
5779644
5779852
5779876
5779893
5779994
5780025
5780194
5780341
5780748
5780878
5781055
5781287
5781305
5781331
5781386
5781644
5781675
5781780
5781908
5781947
5781966
5782041
5782092
5782124
5782338
5782387
5782417
5782782
5782967
5782999
5783185
5783201
5783246
5783254
5783368
5783395
5783838
5783931
5784214
5784311
5784332
5784623
5784631
5784679
5784716
5784830
5784955
5785197
5785247
5785300
5785637
5785688
5785762
5785823
5785831
5786027
5786051
5786128
5786647
5786682
5786731
5786779
5786932
5786983
5787013
5787112
5787131
5787140
5787219
5787625
5787761
5787826
5787883
5787906
5787929
5787953
5787988
5788005
5788012
5788273
5788460
5788525
5788538
5788542
5788574
5788643
5788714
5788833
5789143
5789168
5789261
5789457
5789588
5789635
5789756
5789791
5789930
5790061
5790151
5790246
5790339
5790488
5790508
5790520
5790663
5790709
5790711
5790775
5790810
5791009
5791075
5791097
5791819
5791918
5792077
5792160
5792300
5792419
5792522
5792718
5792751
5792840
5792987
5793072
5793242
5793274
5793386
5793439
5793527
5793697
5793947
5794018
5794051
5794189
5794216
5794243
5794277
5794487
5794555
5794633
5794786
5795064
5795178
5795273
5795372
5795411
5795574
5795621
5795695
5795706
5795952
5796029
5796037
5796136
5796181
5796338
5796387
5796434
5796560
5796649
5796696
5796766
5796794
5796816
5796843
5796935
5797244
5797388
5797564
5797598
5797689
5797835
5797867
5797880
5798360
5798375
5798383
5798397
5798401
5798561
5798589
5798612
5798686
5798716
5798885
5799001
5799080
5799099
5799318
5799349
5799674
5799953
