6000073
6000239
6000250
6000301
6000380
6000548
6000671
6000682
6000694
6000779
6000841
6001154
6001307
6001355
6001444
6001684
6001976
6002112
6002131
6002502
6002543
6002717
6002745
6002970
6003047
6003059
6003110
6003241
6003326
6003358
6003397
6003664
6003716
6003873
6003896
6003907
6003924
6004118
6004173
6004709
6004810
6004887
6004891
6005139
6005228
6005293
6005359
6005366
6005405
6005457
6005514
6005646
6005774
6005819
6005855
6005872
6005985
6006115
6006314
6006353
6006365
6006449
6006531
6006557
6006586
6006645
6006813
6007006
6007029
6007279
6007303
6007391
6007417
6007434
6007445
6007461
6007816
6007884
6007913
6008129
6008170
6008402
6008504
6008817
6008893
6008966
6008971
6009002
6009247
6009345
6009361
6009637
6009653
6009692
6009718
6009879
6010190
6010374
6010558
6010583
6010618
6010747
6010954
6010980
6011020
6011059
6011169
6011545
6011552
6011631
6011739
6011777
6011830
6011849
6012038
6012091
6012341
6012388
6012430
6012628
6012835
6012916
6012943
6013018
6013250
6013284
6013335
6013354
6013779
6013829
6013853
6013975
6014274
6014287
6014609
6014780
6014889
6014915
6014947
6015013
6015022
6015131
6015471
6015494
6015502
6015539
6015603
6015832
6016017
6016052
6016089
6016130
6016149
6016280
6016316
6016441
6016470
6016636
6016758
6016797
6016810
6017077
6017109
6017175
6017215
6017233
6017352
6017361
6017448
6017455
6017546
6017599
6017614
6017692
6017727
6017812
6017823
6017831
6017864
6018058
6018102
6018121
6018228
6018289
6018315
6018347
6018423
6018514
6018529
6018699
6018703
6018725
6018904
6018951
6019064
6019135
6019218
6019432
6019497
6019556
6019587
6019714
6019741
6019815
6019894
6019976
6020036
6020072
6020291
6020386
6020518
6020551
6020585
6020626
6020713
6020767
6021164
6021255
6021263
6021272
6021362
6021433
6021502
6021516
6021584
6021691
6021700
6021793
6022064
6022167
6022218
6022230
6022307
6022432
6022475
6022503
6022684
6022695
6022714
6022894
6022945
6023009
6023026
6023044
6023060
6023097
6023168
6023315
6023498
6023678
6023680
6023699
6023725
6023881
6023918
6023996
6024041
6024070
6024303
6024325
6024476
6024558
6024583
6024843
6024895
6024935
