3100066
3100253
3100309
3100344
3100358
3100545
3100896
3101389
3101599
3101751
3101864
3101903
3102075
3102234
3102320
3102464
3102588
3102622
3102678
3102962
3102996
3103005
3103040
3103079
3103167
3103251
3103285
3103348
3103432
3103538
3103569
3103621
3103788
3103871
3103976
3104115
3104147
3104258
3104564
3105141
3105170
3105305
3105675
3105701
3105722
3105746
3105754
3105834
3105966
3105982
3106001
3106164
3106236
3106408
3106420
3106471
3106494
3106539
3106734
3106761
3106809
3106953
3107051
3107202
3107354
3107469
3107659
3107723
3107798
3107829
3107892
3107932
3108185
3108278
3108343
3108350
3108453
3108607
3108624
3108636
3108672
3108931
3109107
3109212
3109673
3109685
3109715
3109884
3109978
3109980
3110128
3110134
3110145
3110764
3110853
3110926
3110997
3111005
3111057
3111178
3111249
3111444
3111458
3111538
3111602
3111677
3112013
3112067
3112263
3112330
3112433
3112584
3112793
3112809
3112811
3112832
3112897
3113059
3113103
3113125
3113229
3113288
3113664
3113768
3113873
3114127
3114149
3114213
3114267
3114278
3114515
3114533
3114758
3114803
3114905
3115009
3115083
3115097
3115514
3115588
3115881
3115927
3116025
3116297
3116404
3116427
3116451
3116564
3116724
3116878
3116921
3117240
3117286
3117325
3117400
3117662
3117685
3117771
3117868
3118019
3118106
3118495
3118504
3118982
3119002
3119016
3119126
3119197
3119300
3119328
3119389
3119455
3119472
3119910
3120149
3120246
3120299
3120571
3120655
3120732
3120797
3120810
3120957
3120998
3121060
3121097
3121217
3121293
3121315
3121382
3121486
3121506
3121514
3121553
3121848
3122021
3122084
3122294
3122317
3122393
3122614
3122692
3122749
3123137
3123203
3123518
3123713
3123767
3123861
3123947
3123966
3123971
3124062
3124100
3124193
3124491
3124590
3124647
3124798
3124837
3125057
3125199
3125381
3125574
3125770
3125900
3125945
3125989
3126053
3126092
3126119
3126181
3126190
3126279
3126303
3126452
3126493
3126673
3126708
3126771
3126816
3126839
3127025
3127038
3127108
3127147
3127194
3127232
3127244
3127297
3127370
3127388
3127392
3127557
3127617
3127707
3127822
3127995
3128187
3128253
3128311
3128326
3128612
3128702
3128743
3128851
3128885
3128990
3129046
3129105
3129112
3129179
3129304
3129447
3129482
3129610
3129638
3129674
3129691
3129809
3129858
3129992
3130036
3130055
3130256
3130340
3130386
3130421
3130443
3130852
3130876
3130889
3130920
3130982
3131001
3131198
3131318
3131577
3131595
3131642
3131656
3131906
3131929
3131937
3131988
3132040
3132180
3132381
3132753
3132894
3132952
3133083
3133102
3133228
3133347
3133498
3133514
3133654
3133756
3133791
3133863
3133890
3133951
3133962
3134037
3134053
3134310
3134558
3134662
3135033
3135265
3135657
3135924
3135936
3135955
3135990
3136111
3136132
3136208
3136294
3136317
3136606
3136637
3136796
3137093
3137384
3137619
3137672
3137783
3137923
3137957
3137986
3138027
3138096
3138250
3138301
3138403
3138671
3139171
3139211
3139258
3139260
3139353
3139496
3139505
3139724
3139813
3139822
3139968
3140031
3140086
3140154
3140199
3140296
3140426
3140475
3140602
3140621
3140714
3140928
3141298
3141428
3141560
3141575
3141662
3141802
3141901
3142019
3142153
3142192
3142287
3142312
3142518
3142660
3142735
3142889
3142915
3143002
3143132
3143233
3143436
3143448
3143490
3143578
3143653
3144054
3144140
3144157
3144224
3144281
3144669
3144860
3144875
3144953
3144988
3145149
3145151
3145162
3145235
3145395
3145453
3145797
3145803
3145869
3145905
3145957
3145979
3146009
3146044
3146371
3146431
3146537
3146872
3146962
3146985
3147383
3147397
3147454
3147517
3147561
3147576
3147679
3147827
3147907
3147936
3147955
3148297
3148628
3148781
3149062
3149193
3149555
3149723
3149806
3149814
3149865
3149932
3150002
3150077
3150126
3150898
3151049
3151051
3151062
3151096
3151202
3151354
3151425
3151524
3151659
3151786
3151798
3152028
3152034
3152089
3152093
3152278
3152343
3152607
3152810
3152979
3153257
3153511
3153696
3154011
3154083
3154102
3154394
3154423
3154479
3154498
3154537
3154553
3154791
3154951
3155115
3155147
3155159
3155275
3155531
3155598
3155899
3155943
3156129
3156153
3156165
3156192
3156238
3156632
3156675
3156735
3156889
3156893
3156947
3157031
3157040
3157064
3157113
3157154
3157178
3157218
3157336
3157483
3157574
3157621
3157753
3157815
3157859
3157866
3157976
3158054
3158248
3158330
3158466
3158642
3158776
3158793
3158811
3158832
3158906
3158953
3158970
3159020
3159082
3159332
3159375
3159454
3159528
3159552
3159851
3160544
3160759
3160821
3161059
3161169
3161191
3161397
3161467
3161640
3161990
3162042
3162056
3162120
3162159
3162244
3162314
3162370
3162449
3162540
3162719
3162902
3162921
3163128
3163193
3163268
3163313
3163335
3163519
3163786
3163983
3164141
3164357
3164468
3164504
3164573
3164585
3164658
3164754
3164780
3164799
3164828
3165123
3165281
3165304
3165373
3165543
3165595
3165687
3165745
3165941
3166052
3166350
3166368
3166429
3166533
3166566
3166655
3166726
3166797
3166931
3167002
3167084
3167132
3167266
3167599
3167606
3167785
3167840
3168044
3168083
3168276
3168486
3168930
3168996
3169204
3169227
3169285
3169458
3169602
3169639
3169847
3169894
3169945
3169976
3170075
3170315
3170405
3170479
3170529
3170710
3170769
3170996
3171171
3171209
3171275
3171306
3171365
3171427
3171661
3171676
3171781
3171916
3171968
3171995
3172066
3172187
3172191
3172383
3172545
3172784
3172827
3172851
3173054
3173157
3173408
3173521
3173734
3173826
3173941
3174077
3174220
3174233
3174300
3174352
3174785
3174796
3174831
3175161
3175277
3175608
3175647
3175829
3176199
3176307
3176475
3176483
3176866
3176882
3176900
3176917
3177007
3177019
3177024
3177106
3177188
3177192
3177203
3177210
3177225
3177421
3177626
3177675
3177767
3177800
3177915
3177933
3178029
3178092
3178172
3178190
3178279
3178489
3178733
3178821
3178839
3178935
3179000
3179173
3179533
3179547
3179571
3179803
3180281
3180290
3180447
3180459
3180482
3180516
3180844
3180883
3180914
3181052
3181061
3181299
3181429
3181559
3181607
3181887
3181905
3181923
3181957
3182051
3182378
3182403
3182581
3182705
3182757
3182841
3182911
3183069
3183166
3183226
3183258
3183275
3183283
3183404
3183418
3183531
3183790
3184040
3184251
3184273
3184296
3184503
3184542
3184650
3184945
3185014
3185041
3185124
3185325
3185369
3185452
3185575
3185766
3185877
3186015
3186265
3186288
3186401
3186435
3186480
3186545
3186552
3186589
3186623
3186702
3186851
3187200
3187217
3187423
3187680
3187756
3188016
3188300
3188419
3188472
3188546
3188606
3188773
3188938
3188956
3189007
3189331
3189402
3189778
3189908
3190182
3190258
3190337
3190418
3190564
3190755
3190867
3190902
3190950
3190995
3191114
3191153
3191192
3191256
3191357
3191364
3191495
3191530
3191713
3191800
3191893
3191908
3192190
3192303
3192342
3192461
3192604
3192733
3192922
3192954
3193028
3193045
3193185
3193429
3193648
3193758
3193905
3193923
3194033
3194059
3194138
3194265
3194292
3194309
3194499
3194545
3194589
3194593
3194721
3194948
3195077
3195084
3195158
3195175
3195233
3195407
3195578
3195599
3195614
3195665
3195796
3195823
3195898
3195938
3196250
3196295
3196335
3196425
3196581
3196779
3196870
3196909
3197078
3197224
3197236
3197255
3197349
3197482
3197550
3197844
3197875
3197906
3197970
3198040
3198135
3198154
3198167
3198251
3198296
3198348
3198556
3198574
3198737
3198753
3198859
3198882
3198945
3198952
3199060
3199168
3199200
3199293
3199366
3199423
3199486
3199565
3199570
3199592
3199667
3199725
3199769
3199819
