5100024
5100090
5100137
5100170
5100312
5100713
5100746
5100800
5100959
5101046
5101112
5101123
5101140
5101272
5101327
5101420
5101669
5101844
5101941
5102135
5102199
5102273
5102363
5102411
5102432
5102458
5102525
5102714
5102765
5102770
5102815
5102900
5103011
5103168
5103177
5103195
5103289
5103412
5103486
5103807
5104148
5104205
5104257
5104298
5104428
5104771
5104839
5104967
5104978
5105020
5105446
5105534
5105589
5105873
5105981
5106043
5106095
5106233
5106266
5106472
5106501
5106554
5106749
5106942
5107028
5107201
5107414
5107488
5107566
5107711
5108049
5108152
5108216
5108239
5108295
5108378
5108380
5108410
5108563
5108666
5108757
5108837
5108926
5108997
5109091
5109147
5109306
5109392
5109427
5109430
5109462
5109512
5109586
5109652
5109719
5109899
5109939
5110093
5110162
5110213
5110339
5110384
5110406
5110470
5110594
5110905
5110923
5110940
5111060
5111083
5111245
5111315
5111479
5111703
5112002
5112021
5112084
5112158
5112208
5112215
5112352
5112393
5112567
5112704
5113192
5113210
5113477
5113495
5113504
5113746
5113780
5113893
5113920
5114030
5114051
5114085
5114100
5114378
5114487
5114870
5115101
5115178
5115227
5115262
5115273
5115296
5115409
5115497
5115510
5115525
5115574
5115591
5115792
5115808
5115961
5115989
5116029
5116065
5116136
5116155
5116400
5116434
5116452
5116509
5116747
5116821
5116967
5117074
5117258
5117661
5117689
5117707
5118047
5118066
5118071
5118103
5118156
5118191
5118292
5118435
5118534
5118605
5118631
5118777
5118990
5119080
5119112
5119131
5119157
5119351
5119396
5119584
5119674
5119826
5119844
5120027
5120221
5120425
5120555
5120671
5120798
5120841
5120911
5121199
5121251
5121510
5121542
5121556
5121591
5122236
5122318
5122327
5122373
5122415
5122433
5122543
5122734
5122793
5122883
5122937
5122941
5123015
5123138
5123187
5123326
5123358
5123375
5123397
5123576
5123593
5123702
5123924
5123990
5124127
5124280
5124406
5124508
5124619
5124709
5124803
5125097
5125116
5125371
5125423
5125872
5126244
5126275
5126365
5126388
5126404
5126579
5126634
5126645
5126719
5126822
5126902
5126950
5126984
5127088
5127119
5127231
5127240
5127325
5127461
5127489
5127526
5127685
5127821
5127843
5127877
5127901
5127967
5127978
5128188
5128192
5128421
5128443
5128683
5128701
5128817
5128893
5128971
5129175
5129266
5129317
5129606
5129641
5129718
5129898
5130138
5130169
5130311
5130413
5130545
5130612
5130679
5130768
5130804
5131095
5131183
5131317
5131376
5131857
5132026
5132044
5132245
5132333
5132347
5132486
5132541
5132565
5132774
5132918
5132962
5132985
5132996
5133057
5133122
5133180
5133204
5133262
5133587
5133737
5133765
5133882
5134087
5134133
5134166
5134232
5134337
5134341
5134370
5134388
5134449
5134473
5134540
5134598
5134600
5134724
5134790
5134822
5134880
5135024
5135165
5135203
5135340
5135443
5135713
5135852
5135920
5136219
5136351
5136459
5136577
5136638
5136809
5137062
5137221
5137442
5137524
5137548
5137563
5137590
5137870
5138173
5138196
5138246
5138414
5138437
5138465
5138607
5138690
5138869
5138964
5139053
5139092
5139148
5139493
5139544
5139715
5139802
5139868
5139954
5139999
5140026
5140044
5140075
5140261
5140289
5140394
5140622
5140725
5140819
5140890
5140927
5140949
5140973
5141074
5141091
5141171
5141244
5141370
5141430
5141531
5141736
5141916
5141921
5142066
5142082
5142094
5142187
5142292
5142500
5142517
5142605
5142640
5142657
5142679
5142777
5142795
5142830
5142851
5143067
5143080
5143131
5143207
5143236
5143304
5143373
5143408
5143447
5143466
5143494
5143521
5143550
5143568
5143577
5143656
5143988
5144021
5144300
5144580
5144637
5144641
5144727
5144730
5144812
5144910
5145004
5145018
5145027
5145581
5145909
5145997
5146079
5146098
5146227
5146363
5146372
5146525
5146684
5146729
5146737
5146866
5146945
5146952
5147036
5147137
5147165
5147291
5147364
5147527
5147767
5147800
5147966
5148006
5148065
5148124
5148181
5148212
5148223
5148544
5148560
5148673
5148782
5148843
5148884
5148999
5149173
5149278
5149350
5149368
5149429
5149465
5150140
5150263
5150304
5150318
5150543
5150776
5150860
5150883
5150953
5151034
5151368
5151406
5151429
5151744
5151905
5152161
5152221
5152277
5152322
5152367
5152378
5152403
5152456
5152524
5152705
5152806
5153115
5153329
5153564
5153617
5153661
5153719
5153939
5153943
5153984
5154079
5154146
5154587
5154894
5155070
5155172
5155240
5155391
5155445
5155509
5155511
5155618
5155708
5155935
5155946
5155978
5155980
5155999
5156125
5156138
5156191
5156270
5156401
5156413
5156795
5156851
5156981
5157009
5157195
5157592
5157725
5157824
5157848
5157881
5158197
5158215
5158334
5158653
5158749
5158857
5158942
5159210
5159551
5159611
5159800
5159876
5159933
5160087
5160108
5160209
5160275
5160418
5160512
5160540
5160579
5160600
5160634
5160719
5160724
5160781
5160790
5160835
5160878
5160984
5161129
5161331
5161386
5161585
5161609
5161852
5161915
5162006
5162014
5162029
5162041
5162240
5162257
5162279
5162511
5162651
5162696
5163028
5163127
5163196
5163278
5163339
5163912
5163964
5164237
5164422
5164478
5164561
5164657
5164873
5164924
5165077
5165144
5165158
5165317
5165361
5165481
5165546
5165762
5165910
5166004
5166027
5166239
5166284
5166313
5166403
5166620
5166633
5166666
5166786
5167035
5167046
5167123
5167186
5167330
5167494
5167516
5167625
5167669
5167700
5167776
5167811
5167897
5168040
5168167
5168199
5168227
5168251
5168307
5168336
5168569
5168729
5168820
5168833
5169116
5169245
5169359
5169382
5169394
5169405
5169457
5169622
5169824
5169855
5169985
5169996
5170122
5170180
5170273
5170409
5170475
5170639
5170741
5170765
5171190
5171231
5171369
5171476
5171575
5171673
5171759
5171816
5171821
5171922
5171946
5172274
5172364
5172379
5172562
5172828
5172852
5172915
5172966
5172994
5173132
5173175
5173183
5173197
5173294
5173407
5173463
5173580
5173606
5173773
5173785
5173805
5173823
5173879
5174131
5174543
5174687
5174728
5174826
5174914
5175321
5175429
5175515
5175594
5175655
5175923
5176009
5176060
5176102
5176184
5176371
5176824
5176918
5177103
5177142
5177375
5177422
5177500
5177517
5177612
5177702
5177750
5177851
5178069
5178133
5178166
5178283
5178337
5178564
5178813
5178899
5178950
5179062
5179085
5179128
5179134
5179145
5179216
5179313
5179322
5179555
5179740
5179829
5179853
5179865
5179997
5180039
5180490
5180522
5180578
5180614
5180670
5180785
5180903
5181378
5181456
5181469
5181572
5181590
5181806
5181865
5181960
5182052
5182104
5182151
5182316
5182429
5182520
5182533
5182797
5182810
5182979
5183041
5183107
5183205
5183279
5183303
5183493
5183558
5183597
5183978
5183980
5184412
5184680
5184738
5184769
5184881
5184951
5184985
5185056
5185091
5185275
5185418
5185427
5185531
5185586
5185689
5185867
5186210
5186287
5186421
5186495
5186504
5186660
5186817
5186933
5186982
5187086
5187122
5187230
5187251
5187262
5187319
5187336
5187381
5187390
5187426
5187444
5187820
5187847
5187900
5187952
5188035
5188078
5188179
5188304
5188396
5188466
5188521
5188539
5188568
5188577
5188669
5188844
5188860
5188929
5188965
5188970
5189094
5189125
5189214
5189552
5189716
5189849
5189885
5189972
5189990
5190037
5190119
5190325
5190662
5190720
5190816
5190850
5190935
5190946
5191047
5191265
5191358
5191435
5191446
5191500
5191593
5192194
5192226
5192260
5192306
5192392
5192404
5192600
5192724
5192813
5193806
5193829
5193911
5193944
5193960
5194024
5194114
5194137
5194188
5194443
5194530
5194596
5194660
5194746
5194799
5194834
5195046
5195164
5195385
5195875
5195883
5195914
5195941
5196000
5196185
5196213
5196368
5196465
5196559
5196571
5196582
5196663
5196726
5196783
5196905
5197016
5197050
5197126
5197259
5197317
5197522
5197641
5197751
5197796
5197974
5198245
5198261
5198347
5198412
5198498
5198570
5198601
5198703
5198756
5199113
5199409
5199411
5199542
5199741
5199753
5199833
5199945
