3900075
3900261
3900710
3900848
3901025
3901074
3901449
3901451
3901473
3901496
3901772
3901822
3901867
3902008
3902015
3902059
3902103
3902174
3902206
3902326
3902435
3902593
3902679
3902698
3902750
3902768
3902777
3903046
3903198
3903272
3903281
3903539
3903625
3903638
3903687
3903700
3904233
3904266
3904317
3904455
3904653
3904704
3904762
3904898
3904987
3905027
3905367
3905378
3905442
3905507
3905647
3905723
3905829
3905892
3906135
3906199
3906251
3906695
3906737
3906917
3906928
3906934
3907048
3907188
3907386
3907421
3907551
3907596
3907644
3907658
3907713
3907778
3907828
3907920
3908119
3908172
3908223
3908369
3908434
3908618
3908662
3908766
3909149
3909278
3909299
3909566
3909810
3909905
3909912
3909957
3910024
3910192
3910238
3910443
3910484
3910504
3910549
3910632
3911471
3911482
3911595
3911625
3911793
3911811
3911875
3912251
3912390
3912432
3912538
3912714
3912866
3912871
3912934
3912961
3913121
3913371
3913382
3913394
3913848
3913881
3913951
3914041
3914053
3914065
3914136
3914303
3914369
3914417
3914434
3914696
3915047
3915253
3915265
3915360
3915478
3915576
3915623
3915657
3915768
3915851
3916039
3916389
3916490
3916513
3916578
3916580
3916606
3916614
3916653
3916688
3916692
3916718
3916898
3917127
3917302
3917321
3917350
3917582
3917672
3917726
3917797
3917869
3918193
3918354
3918438
3918608
3918682
3918814
3919056
3919166
3919211
3919226
3919297
3919365
3919427
3919995
3920155
3920172
3920560
3920802
3920980
3921047
3921265
3921344
3921593
3921657
3921664
3921777
3921885
3922091
3922283
3922392
3922418
3922880
3922902
3922984
3922995
3923073
3923085
3923134
3923161
3923243
3923378
3923380
3923524
3923926
3924106
3924439
3924468
3924527
3924626
3924632
3924644
3924735
3925105
3925157
3925396
3925420
3925502
3925577
3925717
3925809
3925826
3926052
3926061
3926185
3926280
3926316
3926488
3926492
3926607
3926797
3926887
3927126
3927546
3927606
3927670
3927704
3927879
3928060
3928252
3928289
3928371
3928457
3928553
3928565
3928635
3928654
3928678
3928807
3928872
3928930
3929146
3929307
3929319
3929381
3929390
3929684
3929788
3929847
3930049
3930145
3930243
3930250
3930380
3930507
3930519
3930548
3930555
3930572
3930731
3930740
3930837
3930841
3931005
3931409
3931538
3931587
3931591
3931616
3931770
3931792
3932022
3932035
3932263
3932466
3932482
3932603
3932642
3932734
3932789
3932941
3933094
3933110
3933332
3933401
3933657
3933698
3933702
3933795
3933955
3933990
3934093
3934201
3934246
3934414
3934429
3934711
3934856
3934874
3935102
3935293
3935791
3935872
3935881
3935890
3935927
3936091
3936133
3936166
3936275
3936418
3936427
3936598
3936600
3936724
3936781
3936835
3936902
3936995
3937053
3937092
3937310
3937338
3937387
3937445
3937509
3937673
3937771
3937967
3938055
3938192
3938225
3938269
3938291
3938357
3938386
3938416
3938518
3938549
3938697
3938834
3938893
3939247
3939328
3939352
3939535
3939629
3939727
3939812
3939823
3939879
3940035
3940046
3940078
3940112
3940263
3940674
3940789
3940965
3941000
3941034
3941149
3941173
3941406
3941453
3941533
3941709
3941783
3941825
3941838
3941923
3942027
3942134
3942295
3942380
3942442
3942608
3942723
3942779
3942837
3942932
3942944
3943182
3943232
3943260
3943283
3943430
3943689
3943867
3943899
3944227
3944363
3944503
3944510
3944917
3945310
3945967
3945999
3946071
3946156
3946191
3946241
3946309
3946358
3946375
3946383
3946454
3946686
3946716
3946743
3946936
3946990
3947032
3947060
3947075
3947121
3947184
3947245
3947293
3947479
3947529
3947570
3947667
3947756
3947769
3947890
3948084
3948215
3948259
3948266
3948294
3948785
3948886
3948969
3949141
3949153
3949340
3949402
3949530
3949626
3949799
3949889
3950042
3950120
3950209
3950430
3950540
3950598
3950652
3950835
3950867
3950880
3951106
3951331
3951357
3951468
3951495
3951632
3951658
3951861
3951994
3952014
3952070
3952088
3952119
3952124
3952279
3952298
3952417
3952493
3952715
3952821
3952913
3952978
3953711
3953810
3953838
3953887
3953964
3954311
3954326
3954383
3954467
3954480
3954500
3954716
3954804
3954818
3954896
3954907
3955095
3955111
3955158
3955328
3955513
3955580
3955704
3955857
3955879
3956004
3956399
3956438
3956519
3956563
3956615
3956806
3956814
3956960
3957001
3957433
3957482
3957502
3957521
3957914
3958031
3958064
3958113
3958122
3958180
3958199
3958639
3958765
3958792
3958847
3959139
3959150
3959200
3959217
3959234
3959320
3959366
3959371
3959464
3959486
3959506
3959553
3959570
3959592
3959678
3959699
3960000
3960185
3960213
3960619
3960648
3960709
3960711
3961026
3961139
3961195
3961228
3961382
3961498
3961725
3961996
3962183
3962247
3962352
3962455
3962641
3962688
3962730
3962762
3962796
3962879
3962956
3963048
3963081
3963274
3963291
3963364
3963402
3963632
3963722
3963735
3963754
3963778
3963933
3964085
3964161
3964193
3964284
3964346
3964608
3964647
3965012
3965031
3965086
3965167
3965525
3965976
3966124
3966136
3966181
3966205
3966303
3966417
3966428
3966696
3966708
3966850
3966913
3966999
3967297
3967353
3967427
3967564
3967628
3967634
3967707
3967748
3967854
3967968
3968094
3968103
3968311
3968401
3968545
3968612
3968623
3968657
3968862
3968972
3969067
3969263
3969373
3969482
3969521
3969811
3969992
3970270
3970500
3970623
3970631
3970743
3970830
3970885
3971050
3971132
3971472
3971554
3971692
3971751
3971805
3971812
3971898
3972026
3972195
3972228
3972347
3972457
3972703
3972855
3972996
3973064
3973135
3973262
3973336
3973426
3973444
3973591
3973639
3973643
3973668
3974010
3974038
3974108
3974182
3974365
3974748
3975048
3975114
3975137
3975675
3975754
3975800
3975817
3975834
3975852
3976219
3976255
3976290
3976330
3976351
3976385
3976482
3976883
3976965
3976970
3977145
3977399
3977442
3977536
3977798
3977829
3977958
3978093
3978127
3978185
3978343
3978465
3978520
3978566
3978732
3978760
3978775
3978797
3978869
3979163
3979190
3979279
3979391
3979417
3979461
3979649
3979816
3979850
3979946
3979967
3979999
3980012
3980227
3980319
3980409
3980483
3980574
3980602
3980616
3980668
3980677
3980741
3980871
3981065
3981070
3981119
3981310
3981338
3981374
3981387
3981417
3981428
3981511
3981651
3981913
3982106
3982165
3982238
3982256
3982340
3982477
3982675
3982713
3982722
3982780
3982828
3982861
3982920
3982971
3983160
3983481
3983637
3983730
3983762
3983812
3984013
3984263
3984385
3984420
3984471
3984516
3984929
3985045
3985343
3985414
3985492
3985636
3985663
3985838
3986026
3986083
3986121
3986200
3986394
3986405
3986440
3986464
3986769
3986863
3987020
3987191
3987561
3987593
3987657
3987885
3988108
3988211
3988306
3988557
3988822
3989062
3989145
3989590
3989944
3990158
3990282
3990376
3990490
3990522
3990629
3990864
3990956
3991085
3991202
3991277
3991295
3991380
3991399
3991438
3991590
3991806
3991983
3992201
3992222
3992437
3992453
3992465
3992636
3992760
3992964
3992998
3993124
3993148
3993163
3993489
3993511
3993630
3993649
3993662
3993794
3993850
3994261
3994289
3994457
3994774
3995091
3995133
3995306
3995388
3995512
3995598
3995634
3995950
3996165
3996238
3996357
3996596
3996746
3996780
3996817
3997098
3997180
3997204
3997336
3997643
3997729
3997859
3997952
3998140
3998263
3998351
3998385
3998415
3998482
3998610
3998656
3998674
3998734
3998826
3998875
3999156
3999344
3999375
3999422
3999750
3999862
3999963
