4400042
4400120
4400133
4400182
4400365
4400523
4400628
4401024
4401090
4401114
4401170
4401238
4401364
4401468
4401518
4401611
4401722
4401767
4401778
4401834
4401920
4401933
4401994
4402006
4402240
4402476
4402558
4402597
4402627
4402766
4402839
4402843
4402978
4402980
4403052
4403162
4403437
4403465
4403470
4403594
4403624
4403760
4403869
4404015
4404174
4404214
4404326
4404360
4404413
4404422
4404478
4404499
4404818
4404963
4404972
4405084
4405109
4405233
4405345
4405436
4405670
4405898
4405903
4406004
4406096
4406134
4406284
4406442
4406469
4406563
4406909
4407112
4407131
4407272
4407281
4407304
4407327
4407385
4407494
4407543
4407656
4407965
4408079
4408319
4408409
4408460
4408616
4408788
4409245
4409315
4409366
4409622
4409787
4410001
4410022
4410035
4410131
4410272
4410304
4410318
4410539
4410776
4410809
4410937
4411196
4411213
4411235
4411321
4411377
4411582
4411624
4411648
4411681
4411690
4411732
4411891
4411923
4412085
4412221
4412250
4412425
4412666
4412892
4413087
4413133
4413147
4413171
4413418
4413473
4413485
4413598
4413634
4413645
4413846
4413984
4414135
4414262
4414307
4414444
4414510
4414677
4414737
4414833
4414871
4415070
4415092
4415107
4415374
4415476
4415526
4415583
4415597
4415618
4415662
4415821
4415895
4415913
4415978
4415999
4416169
4416326
4416480
4416500
4416552
4416589
4416679
4416768
4416784
4416885
4416907
4416972
4417431
4417464
4417486
4417529
4417654
4417680
4417725
4417742
4417824
4417872
4417881
4417973
4418016
4418021
4418043
4418068
4418095
4418160
4418271
4418424
4418554
4418599
4418637
4418692
4419153
4419165
4419269
4419379
4419416
4419443
4419551
4419562
4419800
4419817
4419861
4419933
4419947
4420005
4420086
4420135
4420262
4420273
4420348
4420483
4420525
4420602
4420616
4421014
4421029
4421070
4421212
4421264
4421604
4421649
4421715
4421922
4421967
4422072
4422137
4422269
4422596
4422626
4422675
4422834
4422876
4422971
4423021
4423050
4423068
4423175
4423215
4423328
4423424
4423513
4423578
4423864
4424046
4424078
4424471
4424482
4425045
4425151
4425547
4425582
4425663
4425681
4425825
4425957
4426121
4426320
4426394
4426405
4426514
4426588
4426654
4426725
4426848
4426863
4426872
4426985
4427125
4427191
4427214
4427292
4427344
4427480
4427686
4427739
4428353
4428473
4428531
4428557
4428755
4428772
4428921
4428968
4429030
4429085
4429555
4429740
4430021
4430160
4430513
4430629
4430653
4430974
4431202
4431216
4431239
4431250
4431301
4431313
4431469
4431507
4431536
4431563
4431581
4431798
4431853
4431892
4431983
4432052
4432093
4432151
4432299
4432470
4432690
4432744
4432869
4433037
4433107
4433205
4433264
4433356
4433428
4433604
4433868
4433884
4434075
4434200
4434234
4434276
4434315
4434479
4434667
4434881
4434973
4435003
4435115
4435182
4435449
4435598
4435634
4435652
4435689
4435707
4435801
4435899
4435902
4435977
4436256
4436305
4436323
4436379
4436416
4436562
4436585
4437005
4437023
4437064
4437098
4437218
4437372
4437409
4437432
4437574
4437714
4437820
4437934
4438219
4438224
4438304
4438362
4438433
4438610
4438717
4439015
4439499
4439517
4439534
4439561
4439589
4439657
4439849
4439873
4439955
4440246
4440343
4440350
4440508
4440594
4440744
4440758
4440810
4440887
4441200
4441245
4441464
4441699
4441756
4441819
4441973
4442144
4442158
4442345
4442419
4442448
4442580
4442606
4442641
4442688
4442762
4442823
4443129
4443331
4443450
4443468
4443504
4443754
4443767
4443908
4443947
4444051
4444100
4444399
4444572
4444647
4444837
4444997
4445005
4445101
4445411
4445621
4445815
4445934
4445993
4446279
4446342
4446400
4446434
4446445
4446575
4446618
4446935
4446967
4447087
4447133
4447226
4447244
4447418
4447449
4447473
4447485
4447617
4447719
4447846
4447899
4447984
4447995
4448059
4448138
4448214
4448270
4448332
4448446
4448499
4448517
4448545
4448561
4448784
4448804
4448830
4449123
4449415
4449482
4449568
4449603
4449687
4449728
4449752
4449875
4449883
4450137
4450364
4450386
4450477
4450518
4450585
4450852
4450861
4450889
4450966
4451054
4451198
4451224
4451272
4451281
4451290
4451327
4451351
4451396
4451577
4451584
4451610
4451638
4451811
4451897
4451937
4451992
4452005
4452146
4452510
4452753
4452788
4452833
4452859
4452917
4452976
4452989
4453044
4453261
4453457
4453848
4454070
4454124
4454369
4454434
4454630
4454794
4454839
4454978
4455156
4455413
4455478
4455480
4455552
4455784
4455827
4455885
4455924
4456158
4456215
4456271
4456653
4456665
4456692
4456773
4456796
4456812
4456823
4456886
4457162
4457299
4457339
4457690
4457856
4458062
4458202
4458277
4458487
4458548
4458666
4458814
4458853
4459392
4459404
4459430
4459505
4459600
4459676
4459736
4459748
4459950
4460009
4460121
4460228
4460320
4460394
4460529
4460601
4460824
4460890
4461038
4461258
4461392
4461449
4461496
4461557
4461617
4461652
4461689
4461724
4461846
4462332
4462383
4462478
4462545
4462576
4462739
4462768
4462795
4462818
4462873
4462948
4463013
4463035
4463207
4463290
4463330
4463420
4463459
4463577
4463745
4463941
4463988
4464043
4464158
4464282
4464328
4464407
4464481
4464606
4464614
4464653
4464956
4464974
4465062
4465189
4465243
4465295
4465399
4465581
4465682
4465723
4466154
4466167
4466178
4466355
4466510
4466859
4466882
4466961
4467114
4467129
4467170
4467287
4467549
4467632
4467754
4467780
4467876
4467994
4468065
4468417
4468445
4468461
4468511
4468544
4468782
4468794
4468922
4469034
4469130
4469624
4469842
4469869
4469957
4469998
4470148
4470205
4470279
4470298
4470310
4470391
4470452
4470526
4470771
4470901
4470913
4470980
4471047
4471066
4471422
4471500
4471534
4471561
4471605
4471716
4471784
4471827
4471873
4471907
4471919
4472108
4472226
4472306
4472449
4472473
4472531
4472564
4472645
4472693
4472719
4472724
4472748
4473004
4473128
4473161
4473221
4473507
4473841
4474137
4474398
4474495
4474697
4475157
4475198
4475219
4475290
4475318
4475420
4475459
4475471
4475521
4475717
4475728
4475793
4475832
4475965
4476034
4476045
4476061
4476093
4476185
4476515
4476571
4476655
4476690
4476744
4476760
4476838
4477021
4477144
4477160
4477424
4477910
4478011
4478308
4478394
4478479
4478570
4478613
4478962
4478973
4479057
4479167
4479204
4479227
4479372
4479503
4479591
4479668
4479684
4479737
4479741
4479770
4479833
4479945
4480062
4480096
4480161
4480193
4480284
4480608
4480757
4480806
4480853
4480975
4481101
4481122
4481273
4481510
4481616
4481765
4481820
4481833
4482157
4482198
4482248
4482255
4482263
4482521
4482543
4482638
4482669
4482717
4482793
4482832
4482883
4483059
4483082
4483401
4483435
4483721
4483743
4483818
4483896
4483919
4484000
4484045
4484162
4484201
4484350
4484470
4484515
4484655
4484726
4484842
4484923
4484940
4485097
4485116
4485121
4485394
4485498
4485506
4485565
4485613
4485654
4485725
4486182
4486451
4486485
4486617
4486772
4486801
4486813
4486921
4487014
4487205
4487223
4487369
4487428
4487649
4487651
4487802
4488036
4488357
4488443
4488468
4488701
4488722
4488780
4488876
4489077
4489282
4489463
4489472
4489522
4489535
4489614
4489727
4489749
4489762
4490059
4490110
4490125
4490138
4490253
4490326
4490422
4490576
4490631
4490849
4491039
4491376
4491567
4491879
4492058
4492143
4492245
4492464
4492529
4492635
4492738
4493227
4493483
4493525
4493542
4493574
4493765
4493770
4493847
4493894
4494056
4494074
4494370
4494388
4494540
4494586
4494781
4494790
4494822
4494902
4494921
4495129
4495188
4495421
4495889
4496067
4496318
4496385
4496433
4496494
4496625
4496687
4496691
4496832
4496937
4496965
4497051
4497062
4497096
4497100
4497193
4497216
4497367
4497403
4497410
4497456
4497474
4497536
4497633
4497705
4498201
4498547
4498624
4498690
4498711
4498758
4498856
4499172
4499181
4499212
4499428
4499509
4499583
4499673
4499708
4499850
4499884
4499901
4499954
