2800079
2800098
2800285
2800510
2800525
2800569
2800808
2800917
2800928
2800961
2801434
2801476
2801493
2801583
2801597
2801771
2801884
2801946
2802019
2802063
2802188
2802225
2802256
2802274
2802364
2802398
2802530
2802632
2802701
2802861
2803043
2803132
2803376
2803567
2803614
2803773
2803956
2803987
2804046
2804054
2804236
2804272
2804385
2804408
2804459
2804471
2804482
2804502
2804516
2804717
2804734
2804793
2804811
2805034
2805052
2805162
2805321
2805465
2805515
2805566
2805825
2805869
2805905
2805979
2806168
2806412
2806973
2807059
2807094
2807174
2807253
2807375
2807534
2807561
2807623
2807702
2807849
2807885
2808091
2808159
2808171
2808209
2808232
2808275
2808341
2808418
2808462
2808781
2808813
2808835
2808921
2809277
2809335
2809548
2809671
2809705
2809870
2809997
2810142
2810214
2810292
2810640
2810739
2810907
2810919
2811436
2811879
2811956
2812011
2812139
2812200
2812217
2812405
2812423
2812756
2812863
2812881
2812951
2813005
2813040
2813167
2813249
2813444
2813639
2813650
2813695
2813753
2813815
2814010
2814353
2814427
2814449
2814801
2814846
2814995
2815188
2815210
2815364
2815468
2815660
2815834
2815920
2815994
2816078
2816080
2816207
2816385
2816433
2816691
2816826
2817049
2817128
2817378
2817608
2817666
2818127
2818246
2818406
2818488
2818648
2818803
2818842
2818905
2818940
2818957
2819088
2819240
2819342
2819374
2819400
2819434
2819445
2819476
2819532
2819604
2819649
2819662
2819708
2819839
2819877
2819884
2819901
2819999
2820069
2820120
2820226
2820232
2820275
2820427
2820523
2820586
2820652
2820748
2820763
2820995
2821036
2821165
2821203
2821291
2821331
2821596
2821609
2821644
2821713
2821971
2822070
2822240
2822560
2822583
2822649
2822766
2822771
2822843
2822954
2823162
2823173
2823343
2823368
2823429
2823594
2823690
2823931
2824033
2824110
2824241
2824397
2824454
2824480
2824768
2824851
2825050
2825095
2825266
2825578
2825580
2825637
2825831
2826030
2826193
2826239
2826378
2826442
2826608
2826712
2826870
2826926
2826932
2826997
2827054
2827099
2827236
2827362
2827373
2827734
2827809
2828079
2828101
2828409
2828668
2828677
2828934
2829102
2829121
2829184
2829293
2829320
2829371
2829440
2829464
2829498
2829570
2829703
2829996
2830052
2830104
2830681
2830726
2830869
2831058
2831116
2831139
2831168
2831234
2831245
2831498
2831680
2831738
2832175
2832183
2832247
2832317
2832345
2832389
2832641
2832670
2833019
2833024
2833048
2833090
2833153
2833242
2833274
2833416
2833562
2833660
2833701
2833767
2833799
2833845
2833915
2834018
2834085
2834100
2834161
2834202
2834712
2834731
2834814
2834909
2834932
2834958
2834960
2834997
2835031
2835101
2835122
2835307
2835409
2835587
2835741
2835847
2835859
2835945
2836092
2836107
2836163
2836400
2836461
2836558
2836583
2836649
2836651
2836662
2836794
2836816
2836935
2837512
2837531
2837801
2837916
2838020
2838125
2838383
2838397
2838454
2838534
2838873
2839219
2839595
2839844
2839906
2840050
2840109
2840126
2840259
2840389
2840546
2840580
2840670
2840730
2840925
2841085
2841193
2841469
2841548
2841682
2841798
2841888
2841926
2841958
2842321
2842453
2842607
2842663
2842887
2842912
2842923
2843053
2843065
2843092
2843107
2843172
2843205
2843338
2843342
2843391
2843511
2843544
2843802
2843850
2843877
2843946
2844032
2844097
2844102
2844143
2844195
2844245
2844289
2844537
2844769
2844807
2845120
2845182
2845586
2845617
2845628
2845707
2845902
2845968
2846063
2846141
2846170
2846238
2846402
2846746
2846845
2847336
2847409
2847483
2847650
2847847
2847882
2848198
2848255
2848281
2848290
2848327
2848385
2848494
2848610
2848809
2849059
2849206
2849358
2849360
2849480
2849576
2849623
2849716
2849948
2849955
2849981
2850014
2850205
2850445
2850532
2850618
2850766
2850802
2850850
2850895
2850935
2851020
2851033
2851059
2851103
2851138
2851187
2851270
2851344
2851435
2851561
2851576
2851679
2851702
2851948
2852038
2852133
2852297
2852314
2852418
2852693
2852724
2852763
2852781
2853346
2853487
2853608
2853671
2853694
2853909
2853932
2853960
2854007
2854072
2854562
2854660
2854767
2854920
2854966
2855112
2855157
2855179
2855539
2855717
2855832
2855875
2856093
2856104
2856246
2856377
2856395
2856429
2856559
2856797
2856891
2856957
2857126
2857215
2857220
2857424
2857580
2857599
2857637
2857704
2857773
2858011
2858276
2858371
2858423
2858431
2858464
2858710
2858738
2858836
2858962
2858973
2859057
2859113
2859574
2859616
2859643
2859650
2859695
2859952
2859989
2860051
2860134
2860145
2860277
2860425
2860474
2860536
2860757
2860944
2860975
2861005
2861273
2861285
2861336
2861483
2861542
2861602
2861753
2861928
2862013
2862022
2862054
2862131
2862263
2862415
2862844
2862965
2863125
2863156
2863187
2863237
2863383
2863446
2863552
2863612
2863919
2863955
2863981
2864045
2864655
2864709
2864931
2865252
2865529
2865601
2865635
2865855
2865863
2865918
2866087
2866091
2866451
2866512
2867310
2867604
2867720
2867913
2867935
2867954
2868036
2868090
2868106
2868137
2868238
2868287
2868305
2868609
2868746
2868966
2869043
2869352
2869448
2869463
2869481
2869614
2869749
2869773
2869903
2869987
2870036
2870081
2870114
2870238
2870439
2870495
2870504
2870644
2870722
2870893
2871078
2871255
2871272
2871304
2871539
2871700
2871941
2872113
2872122
2872167
2872460
2872510
2872591
2872871
2872882
2873261
2873667
2873774
2873918
2873973
2874037
2874107
2874172
2874325
2874509
2874685
2874868
2874884
2874895
2875047
2875059
2875071
2875110
2875138
2875358
2875664
2875721
2875849
2875990
2876208
2876463
2876704
2876773
2876831
2877028
2877185
2877350
2877368
2877377
2877406
2877508
2877775
2877957
2878004
2878134
2878189
2878250
2878410
2878442
2878814
2878888
2879003
2879244
2879275
2879496
2879540
2879634
2879736
2879943
2880252
2880289
2880654
2881003
2881211
2881260
2881306
2881370
2881388
2881512
2881586
2881598
2881790
2881822
2881950
2882015
2882103
2882237
2882292
2882397
2882401
2882413
2882500
2882657
2882768
2882804
2882862
2883140
2883186
2883793
2883860
2883988
2884334
2884345
2884554
2884785
2885004
2885134
2885202
2885250
2885367
2885378
2885410
2885487
2885524
2885572
2885671
2885865
2885911
2885958
2885997
2886064
2886086
2886199
2886262
2886324
2886390
2886602
2886621
2886741
2886788
2886815
2886833
2886917
2886961
2887090
2887114
2887141
2887305
2887477
2887495
2887518
2887551
2887754
2887799
2887933
2887959
2887971
2888163
2888257
2888310
2888342
2888369
2888509
2888720
2888766
2888850
2888922
2888946
2888954
2888978
2889254
2889278
2889571
2889775
2890186
2890550
2890656
2890728
2890789
2890875
2891149
2891196
2891441
2891470
2891547
2891856
2891874
2891912
2891931
2891986
2892051
2892145
2892216
2892284
2892301
2892487
2892555
2892581
2892682
2892757
2893260
2893275
2893314
2893337
2893600
2893617
2893846
2893878
2893939
2894146
2894307
2894336
2894432
2894483
2894538
2894643
2894684
2894737
2894788
2894993
2895041
2895070
2895092
2895223
2895257
2895391
2895509
2895604
2895651
2895673
2895759
2895895
2896020
2896237
2896292
2896383
2896500
2896605
2896716
2896896
2896924
2897139
2897143
2897276
2897333
2897431
2897479
2897667
2897678
2897807
2898050
2898132
2898389
2898535
2898546
2898578
2898599
2898629
2898653
2898704
2898762
2898785
2898991
2899256
2899274
2899312
2899340
2899549
2899596
2899697
2899889
