3200004
3200051
3200152
3200239
3200268
3200277
3200474
3200555
3200892
3200932
3200975
3201262
3201285
3201324
3201348
3201409
3201569
3201616
3201706
3201788
3201833
3202281
3202521
3202539
3202543
3202687
3202752
3202809
3202906
3203020
3203292
3203360
3203422
3203679
3203873
3204052
3204162
3204201
3204267
3204302
3204339
3204384
3204533
3204760
3205058
3205195
3205293
3205601
3206042
3206182
3206209
3206258
3206505
3206512
3206652
3206822
3206854
3206995
3207041
3207053
3207279
3207374
3207544
3207821
3207839
3207843
3207895
3207978
3208024
3208305
3208323
3208340
3208477
3208518
3208920
3208971
3209259
3209294
3209300
3209546
3209773
3209785
3209956
3210181
3210205
3210303
3210374
3210434
3210597
3210618
3210651
3210794
3210868
3210877
3211066
3211413
3211657
3211827
3211862
3212010
3212133
3212166
3212209
3212211
3212258
3212283
3212306
3212449
3212693
3212867
3213176
3213221
3213399
3213442
3213608
3213837
3213870
3213892
3213909
3214238
3214274
3214386
3214495
3214549
3214626
3214876
3214908
3214966
3215327
3215349
3215447
3215687
3215700
3215811
3216127
3216267
3216278
3216406
3216709
3216887
3216940
3217158
3217266
3217424
3217436
3217823
3217969
3217987
3218011
3218044
3218168
3218276
3218514
3218635
3218807
3218973
3219023
3219154
3219319
3219475
3219639
3219788
3219815
3219833
3220007
3220048
3220141
3220170
3220398
3220644
3220660
3220780
3220982
3221207
3221224
3221248
3221290
3221318
3221385
3221568
3221691
3222057
3222296
3222307
3222409
3222741
3222820
3222859
3222917
3222961
3223026
3223083
3223245
3223366
3223506
3223622
3223824
3223927
3223996
3224029
3224231
3224264
3224374
3224662
3224720
3224843
3224999
3225110
3225174
3225311
3225552
3225593
3225631
3225739
3225743
3225750
3225990
3226300
3226345
3226490
3226522
3226785
3226879
3226903
3227089
3227213
3227254
3227368
3227453
3227470
3227547
3227672
3227711
3227838
3227979
3227986
3228018
3228049
3228051
3228202
3228284
3228295
3228410
3228474
3228608
3228647
3228671
3228909
3228958
3229003
3229056
3229120
3229166
3229211
3229473
3229579
3229628
3229854
3229880
3230058
3230083
3230217
3230570
3230588
3230699
3230742
3230756
3230769
3230855
3230872
3230881
3231069
3231462
3231512
3231707
3231939
3232047
3232094
3232174
3232344
3232480
3232528
3232552
3232576
3233013
3233131
3233164
3233272
3233318
3233396
3233433
3233471
3233521
3233550
3233625
3233700
3233717
3234016
3234068
3234109
3234111
3234463
3234688
3234730
3234925
3235030
3235152
3235189
3235239
3235277
3235284
3235555
3235705
3236040
3236086
3236122
3236227
3236251
3236296
3236324
3236336
3236444
3236602
3236650
3236737
3236741
3236859
3236882
3236917
3236945
3237153
3237165
3237291
3237331
3237611
3237713
3237735
3237799
3237834
3237908
3237915
3238006
3238053
3238070
3238088
3238124
3238136
3238417
3238445
3238685
3238696
3238802
3238816
3238978
3239089
3239118
3239470
3239566
3239624
3239663
3239810
3239869
3239964
3240375
3240500
3240612
3240686
3240768
3240849
3240873
3240963
3241016
3241208
3241215
3241317
3241393
3241436
3241599
3241762
3241974
3242026
3242075
3242083
3242315
3242635
3242654
3242699
3242973
3243023
3243040
3243086
3243101
3243122
3243199
3243538
3243737
3243765
3243952
3244108
3244755
3244880
3245274
3245340
3245518
3245549
3245675
3245778
3245800
3245915
3245933
3245966
3245971
3245994
3246067
3246123
3246186
3246281
3246502
3246691
3247027
3247128
3247193
3247555
3247694
3247841
3248149
3248377
3248559
3248566
3248636
3248758
3248760
3248986
3249037
3249119
3249124
3249223
3249231
3249356
3249387
3249417
3249511
3249583
3249766
3250005
3250064
3250154
3250273
3250363
3250510
3250587
3250591
3250650
3250706
3250729
3250770
3250894
3251041
3251053
3251310
3251532
3251544
3251630
3251720
3251733
3251759
3251922
3252114
3252192
3252585
3252754
3252780
3252828
3252959
3253068
3253208
3253376
3253535
3253692
3253704
3253773
3253805
3254304
3254385
3254603
3254669
3254789
3254897
3254937
3254941
3255201
3255213
3255222
3255235
3255299
3255316
3255343
3255797
3255803
3256177
3256200
3256457
3256635
3256699
3256890
3257082
3257110
3257156
3257326
3257375
3257454
3257480
3257534
3257561
3257804
3257827
3257981
3258038
3258056
3258074
3258133
3258297
3258329
3258427
3258540
3258617
3258781
3258899
3258995
3259018
3259128
3259161
3259189
3259354
3259403
3259425
3259507
3259524
3259633
3259682
3259723
3259814
3259829
3259841
3259870
3260084
3260144
3260361
3260580
3260688
3260751
3260812
3260886
3260942
3261216
3261301
3261354
3261536
3261572
3261633
3261647
3261786
3261837
3261865
3261909
3261960
3262149
3262213
3262222
3262299
3262350
3262414
3262515
3262571
3262663
3262887
3262891
3263006
3263172
3263190
3263476
3263560
3263685
3263802
3264102
3264168
3264320
3264333
3264405
3264412
3264457
3264498
3264613
3264678
3264725
3264962
3265159
3265314
3265341
3265392
3265462
3265473
3265557
3265977
3266072
3266106
3266188
3266256
3266312
3266439
3266609
3266683
3266746
3267023
3267180
3267204
3267319
3267458
3267684
3267770
3268078
3268099
3268105
3268140
3268236
3268318
3268327
3268330
3268595
3268674
3268691
3268728
3268941
3269015
3269229
3269311
3269344
3269358
3269500
3269631
3269716
3269818
3269981
3270001
3270013
3270080
3270123
3270198
3270224
3270362
3270415
3270577
3270595
3270752
3270844
3270970
3271076
3271118
3271267
3271316
3271533
3271711
3271760
3271940
3272161
3272202
3272268
3272284
3272354
3272378
3272442
3272469
3272608
3272620
3272723
3272731
3272757
3272764
3272975
3273038
3273042
3273211
3273258
3273341
3273427
3273462
3273512
3273689
3273846
3274101
3274135
3274348
3274411
3274621
3274684
3274945
3274993
3275014
3275065
3275374
3275387
3275493
3275597
3275816
3275980
3275999
3276169
3276253
3276311
3276467
3276500
3276640
3276777
3276896
3277116
3277486
3277541
3277570
3277774
3277791
3277927
3278016
3278084
3278266
3278282
3278300
3278436
3278472
3278546
3278578
3278637
3278925
3278969
3279055
3279072
3279141
3279225
3279274
3279484
3279596
3279746
3279754
3280147
3280182
3280353
3280388
3280496
3280512
3280579
3280772
3280846
3280854
3280878
3280950
3281114
3281137
3281153
3281203
3281274
3281291
3281323
3281735
3281817
3281959
3282014
3282148
3282163
3282257
3282342
3282802
3283104
3283196
3283278
3283339
3283343
3283350
3283368
3283395
3283492
3283520
3283594
3283887
3284169
3284191
3284214
3284657
3284686
3284750
3284768
3284804
3285126
3285282
3285317
3285513
3285535
3285938
3285942
3286085
3286100
3286161
3286189
3286243
3286380
3286438
3286615
3286682
3286694
3286723
3286779
3286870
3287035
3287157
3287362
3287385
3287471
3287595
3287811
3288040
3288122
3288135
3288262
3288650
3288753
3288945
3289044
3289060
3289184
3289293
3289382
3289553
3289592
3289654
3289725
3289848
3289863
3290076
3290089
3290173
3290185
3291245
3291308
3291412
3291570
3291710
3291836
3291872
3291973
3291996
3292016
3292126
3292389
3292637
3292688
3292730
3292857
3292898
3293256
3293439
3293530
3293644
3293754
3293852
3293889
3294193
3294301
3294581
3294671
3294779
3294841
3294865
3295023
3295031
3295336
3295458
3295503
3295591
3295602
3295621
3295741
3295900
3296279
3296310
3296417
3296434
3296526
3296901
3296935
3296946
3297314
3297337
3297462
3297496
3297661
3297748
3297813
3297921
3298033
3298059
3298082
3298401
3298640
3298804
3298818
3298862
3298990
3299080
3299236
3299543
3299603
3299610
3299625
3299656
3299897
3299906
