2300066
2300125
2300206
2300344
2300480
2300500
2300593
2300605
2300664
2300698
2300739
2300849
2300851
2300936
2301002
2301016
2301084
2301111
2301144
2301345
2301424
2301692
2301727
2301805
2301886
2301910
2302139
2302195
2302261
2302918
2303023
2303180
2303251
2303285
2303319
2303503
2303989
2304010
2304074
2304087
2304209
2304226
2304275
2304341
2304462
2304652
2304781
2304801
2304854
2304902
2305114
2305203
2305287
2305364
2305439
2305518
2305644
2305722
2305754
2306140
2306219
2306248
2306272
2306415
2306447
2306482
2306577
2306669
2306717
2306734
2306745
2306789
2306970
2307018
2307193
2307221
2307250
2307268
2307367
2307399
2307410
2307536
2307837
2307892
2307975
2308028
2308151
2308395
2308441
2308453
2308547
2308594
2308690
2309088
2309279
2309310
2309452
2309627
2309821
2309895
2309999
2310243
2310277
2310335
2310346
2310442
2310548
2310633
2310682
2310865
2310960
2311064
2311227
2311230
2311319
2311355
2311668
2311859
2311945
2311961
2312112
2312140
2312157
2312164
2312290
2312408
2312906
2312965
2313071
2313138
2313174
2313214
2313413
2313534
2313679
2313686
2313768
2313777
2313784
2313873
2314201
2314299
2314437
2314465
2314607
2314619
2314636
2314891
2314912
2314923
2314986
2315289
2315382
2315498
2315506
2315529
2315680
2315703
2315769
2315819
2316087
2316115
2316120
2316147
2316171
2316232
2316297
2316314
2316388
2316485
2316505
2316693
2316763
2316790
2316984
2317014
2317041
2317070
2317107
2317303
2317391
2317509
2317651
2317839
2317868
2317935
2318129
2318477
2318530
2318735
2318799
2318889
2319039
2319361
2319513
2319727
2319751
2319773
2319898
2319942
2319956
2320017
2320130
2320173
2320235
2320384
2320533
2320547
2320681
2321366
2321457
2321836
2321973
2321985
2322021
2322039
2322109
2322389
2322407
2322419
2322424
2322773
2322796
2322910
2322987
2323106
2323129
2323357
2323439
2323549
2323713
2323746
2323876
2323893
2323908
2324100
2324202
2324277
2324313
2324456
2324474
2324519
2325086
2325113
2325204
2325355
2325411
2325475
2325574
2325706
2325741
2325815
2325820
2325894
2326124
2326240
2326279
2326400
2326604
2327038
2327209
2327370
2327404
2327473
2327512
2327586
2327719
2327736
2327801
2328082
2328094
2328103
2328206
2328241
2328344
2328401
2328422
2328446
2328552
2328593
2328743
2328849
2329123
2329140
2329179
2329219
2329330
2329543
2329603
2329625
2329656
2329745
2329809
2329875
2329897
2330312
2330340
2330364
2330443
2330484
2330683
2330713
2330933
2330959
2331022
2331054
2331290
2331447
2331656
2331752
2331970
2332023
2332180
2332230
2332574
2332993
2333150
2333168
2333261
2333293
2333394
2333464
2333553
2333699
2333756
2333951
2334053
2334205
2334310
2334391
2334489
2334583
2334685
2334747
2334759
2334839
2334843
2334901
2334922
2335020
2335125
2335206
2335265
2335534
2335804
2335885
2335936
2336002
2336077
2336111
2336259
2336271
2336361
2336419
2336490
2336501
2336522
2336535
2336629
2336812
2336879
2336898
2337162
2337441
2337465
2337488
2337559
2337648
2337797
2337874
2337986
2338085
2338134
2338176
2338250
2338277
2338425
2338524
2338536
2338581
2338608
2338633
2338786
2338958
2339003
2339042
2339091
2339147
2339365
2339392
2339661
2339689
2340262
2340503
2340542
2340741
2340859
2340882
2341070
2341088
2341400
2341575
2341583
2341696
2341782
2341967
2342114
2342192
2342269
2342609
2342632
2342683
2342780
2343016
2343043
2343111
2343247
2343393
2343554
2343692
2343762
2343773
2343925
2343969
2343991
2344035
2344099
2344219
2344385
2344584
2344669
2344674
2344687
2344929
2345149
2345185
2345280
2345395
2345488
2345492
2345515
2345566
2345672
2345709
2345783
2345797
2345838
2345912
2345957
2346011
2346083
2346200
2346320
2346431
2346440
2346464
2346506
2346588
2346646
2346667
2346738
2346819
2346855
2346890
2347020
2347059
2347082
2347110
2347187
2347397
2347576
2347664
2347768
2347777
2347827
2347896
2348166
2348337
2348485
2348496
2348540
2348835
2348995
2349062
2349202
2349216
2349322
2349524
2349694
2349837
2350126
2350259
2350266
2350294
2350376
2350424
2350670
2350969
2351100
2351313
2351378
2351608
2351647
2351671
2351740
2351764
2352089
2352339
2352732
2352797
2352869
2353029
2353041
2353070
2353257
2353325
2353391
2353434
2353452
2353604
2353766
2353802
2353935
2354032
2354060
2354139
2354228
2354245
2354315
2354464
2354787
2354807
2354824
2354855
2355087
2355226
2355283
2355505
2355540
2355579
2355617
2355645
2355822
2355854
2355899
2356019
2356024
2356048
2356106
2356468
2356477
2356527
2356675
2356697
2356735
2356746
2356780
2357444
2357460
2357602
2357616
2357706
2357714
2357808
2357820
2357952
2358054
2358255
2358318
2358516
2358539
2358656
2359071
2359270
2359698
2359896
2359972
2360264
2360298
2360434
2360452
2360532
2360560
2360733
2360802
2360816
2360895
2360922
2361059
2361125
2361138
2361206
2361292
2361851
2361907
2362306
2362540
2362564
2362968
2362984
2363161
2363380
2363410
2363633
2363666
2363757
2363829
2363870
2363909
2363932
2363975
2364063
2364274
2364331
2364340
2364468
2364626
2364697
2364834
2364852
2365099
2365236
2365263
2365373
2365471
2365502
2365584
2365669
2365897
2365992
2366028
2366104
2366254
2366299
2366368
2366384
2366429
2366636
2366663
2366923
2366931
2367016
2367068
2367419
2367522
2367578
2367641
2367751
2367773
2367785
2367823
2367925
2367942
2368026
2368083
2368121
2368308
2368855
2368863
2368904
2368918
2369057
2369064
2369199
2369249
2369307
2369381
2369574
2369706
2369859
2369866
2370044
2370116
2370177
2370308
2370320
2370440
2371003
2371120
2371166
2371531
2371540
2371645
2371689
2371707
2371772
2371822
2372059
2372142
2372169
2372206
2372311
2372435
2372517
2372605
2372664
2372777
2372784
2373577
2373595
2373642
2373789
2374016
2374077
2374175
2374455
2374490
2374535
2374606
2374629
2374692
2374796
2374903
2375030
2375096
2375250
2375284
2375378
2375442
2375555
2375740
2375779
2375911
2375975
2376273
2376355
2376426
2376475
2376569
2376643
2376737
2376741
2376765
2376770
2376952
2377063
2377274
2377331
2377722
2377767
2377780
2377852
2378006
2378088
2378264
2378279
2378286
2378342
2378356
2378575
2378766
2378771
2378954
2378967
2379076
2379127
2379151
2379299
2379321
2379377
2379437
2379775
2379940
2380157
2380219
2380255
2380415
2380539
2380568
2380584
2380642
2380776
2380793
2380811
2380953
2380992
2381339
2381343
2381488
2381571
2381775
2381931
2382051
2382268
2382322
2382474
2382555
2382572
2382581
2382705
2383087
2383115
2383147
2383194
2383337
2383512
2383719
2383899
2383995
2384064
2384146
2384199
2384230
2384262
2384363
2384426
2384503
2384525
2384574
2384894
2384934
2385400
2385604
2385696
2385913
2385967
2386292
2386311
2386545
2387032
2387320
2387333
2387601
2387646
2387791
2387807
2387836
2387881
2387962
2388002
2388084
2388160
2388197
2388215
2388233
2388300
2388376
2388641
2388762
2388956
2388991
2389024
2389036
2389055
2389072
2389081
2389141
2389210
2389238
2389287
2389331
2389398
2389549
2389562
2389626
2389861
2390159
2390194
2390306
2390557
2390676
2390719
2390724
2390772
2390854
2390921
2391036
2391129
2391141
2391188
2391225
2391242
2391357
2391402
2391562
2391626
2391658
2391746
2391834
2391893
2391908
2392088
2392163
2392338
2392476
2392493
2392597
2392877
2392946
2392980
2393017
2393089
2393185
2393299
2393343
2393368
2393470
2393533
2393594
2393619
2393663
2393709
2393732
2393783
2393803
2393842
2393964
2393979
2394094
2394288
2394326
2394358
2394446
2394467
2394631
2394640
2394777
2394804
2394830
2394862
2394919
2395002
2395109
2395183
2395271
2395300
2395376
2395751
2395773
2395785
2395864
2395969
2396268
2396277
2396284
2396536
2396608
2396620
2396633
2396647
2396806
2396841
2396888
2397013
2397186
2397318
2397603
2397669
2397717
2397789
2397809
2397992
2398285
2398324
2398677
2398753
2398866
2399116
2399200
2399359
2399570
2399588
2399592
2399699
2399973
