5600029
5600053
5600070
5600264
5600400
5600445
5600685
5600759
5600794
5600802
5600843
5601103
5601187
5601292
5601401
5601454
5601528
5601640
5601679
5601924
5601936
5602038
5602226
5602283
5602329
5602337
5602473
5602523
5602557
5602689
5602880
5603004
5603367
5603378
5603410
5603608
5603620
5603671
5603712
5603740
5603798
5603932
5603975
5604129
5604210
5604242
5604256
5604274
5604287
5604477
5604573
5604697
5604920
5605078
5605131
5605248
5605304
5605543
5605568
5605625
5605691
5605700
5605809
5605832
5605937
5605988
5606267
5606302
5606492
5606515
5606566
5606607
5606726
5606760
5606810
5607002
5607039
5607109
5607126
5607271
5607472
5607546
5607614
5607718
5608058
5608308
5608412
5608423
5608479
5608565
5608710
5608725
5608742
5608951
5609057
5609146
5609324
5609475
5609483
5609808
5610039
5610282
5610376
5610522
5610629
5610864
5610879
5610974
5611313
5611548
5611671
5611731
5611829
5611870
5611909
5612076
5612185
5612350
5612465
5612508
5612636
5612672
5612732
5612758
5612760
5612887
5612923
5613092
5613119
5613136
5613181
5613212
5613223
5613356
5613387
5613627
5613673
5613771
5613821
5613901
5614139
5614177
5614200
5614333
5614431
5614464
5614553
5614565
5614613
5614678
5614738
5614791
5614930
5615042
5615074
5615115
5615211
5615370
5615451
5615512
5615598
5615600
5616055
5616063
5616106
5616210
5616269
5616443
5616549
5616675
5616754
5616799
5616800
5617113
5617363
5617409
5617458
5617538
5617695
5617741
5618054
5618248
5618304
5618494
5618516
5618539
5618550
5618577
5618674
5618941
5619020
5619253
5619576
5619605
5619716
5619963
5620102
5620592
5620635
5620710
5620807
5620848
5620855
5620863
5620930
5621115
5621147
5621159
5621182
5621337
5621496
5621634
5621835
5621921
5622071
5622169
5622270
5622528
5622640
5622849
5622885
5622936
5623035
5623219
5623263
5623290
5623304
5623351
5623539
5623550
5623674
5623717
5623728
5624077
5624126
5624208
5624259
5624481
5624513
5624554
5624614
5624665
5624751
5624812
5625004
5625243
5625250
5625295
5625536
5625590
5625723
5625814
5625958
5625975
5626023
5626178
5626249
5626729
5626871
5626900
5626934
5627063
5627106
5627141
5627269
5627331
5627340
5627379
5627518
5627530
5627660
5627799
5627852
5628006
5628107
5628124
5628163
5628417
5628597
5628662
5628685
5628733
5628782
5628999
5629278
5629377
5629566
5629582
5629803
5629838
5630013
5630078
5630105
5630318
5630385
5630459
5630482
5630728
5630789
5630883
5631017
5631061
5631093
5631149
5631151
5631162
5631222
5631235
5631254
5631278
5631343
5631395
5631453
5631711
5631979
5632051
5632193
5632239
5632295
5632524
5632555
5632926
5632960
5633069
5633115
5633159
5633314
5633365
5633676
5633693
5634012
5634057
5634444
5634706
5634833
5635006
5635148
5635240
5635298
5635461
5635544
5635560
5635630
5635685
5635708
5635802
5635895
5635978
5636094
5636191
5636253
5636332
5636375
5636422
5636480
5636528
5636534
5636589
5636739
5636784
5636919
5637009
5637347
5637440
5637529
5637565
5637570
5637725
5637769
5637890
5638068
5638084
5638095
5638424
5638448
5638641
5638665
5638730
5638864
5638987
5639024
5639170
5639192
5639210
5639450
5639468
5639484
5639549
5639609
5640189
5640301
5640425
5640438
5640442
5640682
5640786
5641040
5641086
5641296
5641319
5641409
5641460
5641695
5641737
5642022
5642080
5642219
5642318
5642420
5642521
5642584
5642811
5643332
5643552
5643631
5643739
5643750
5643827
5644034
5644196
5644213
5644321
5644607
5644655
5644690
5644758
5644869
5644986
5645177
5645195
5645347
5645431
5645464
5645506
5645592
5645667
5645680
5645738
5645927
5645985
5646056
5646159
5646211
5646449
5646496
5646557
5646707
5646916
5647088
5647155
5647163
5647223
5647461
5647511
5647597
5647696
5647868
5647967
5647978
5648170
5648203
5648340
5648402
5648416
5648484
5648722
5648735
5648746
5648828
5648845
5649002
5649144
5649175
5649334
5649345
5649481
5649513
5649692
5649879
5649886
5650094
5650156
5650174
5650292
5650480
5650499
5650702
5650716
5650981
5651039
5651068
5651389
5651436
5651938
5651991
5652009
5652168
5652234
5652394
5652486
5652529
5652635
5652710
5652738
5652824
5652848
5652949
5653031
5653057
5653064
5653101
5653324
5653363
5653390
5653483
5653497
5653900
5653993
5654038
5654042
5654147
5654166
5654209
5654564
5654600
5654652
5654790
5654801
5654835
5654878
5654916
5654939
5654950
5655137
5655165
5655170
5655291
5655364
5655421
5655585
5655834
5655893
5655971
5655982
5656046
5656123
5656164
5656351
5656385
5656396
5656584
5656734
5656832
5656844
5656875
5656937
5657027
5657073
5657145
5657243
5657346
5657367
5657380
5657438
5657456
5657519
5657608
5657757
5657983
5658052
5658061
5658076
5658196
5658246
5658377
5658384
5658406
5658571
5658594
5658648
5658690
5659092
5659286
5659325
5659476
5659489
5659544
5659651
5659708
5659747
5659782
5660031
5660086
5660363
5660432
5660538
5660569
5660695
5660792
5660882
5660976
5661006
5661092
5661181
5661342
5661476
5661544
5661630
5661662
5661782
5661850
5661913
5661999
5662019
5662063
5662305
5662379
5662746
5662889
5663021
5663068
5663077
5663084
5663095
5663183
5663215
5663436
5663749
5663925
5663969
5664080
5664164
5664179
5664198
5664290
5664304
5664466
5664494
5664502
5664610
5664674
5664809
5664832
5665246
5665321
5665384
5665406
5665437
5665515
5665571
5665758
5666011
5666044
5666102
5666457
5666514
5666553
5666855
5666927
5666996
5667082
5667191
5667401
5667528
5667640
5667664
5667698
5667862
5667955
5668038
5668069
5668182
5668260
5668314
5668341
5668388
5668531
5668693
5668763
5668867
5668902
5669018
5669100
5669161
5669216
5669367
5669380
5669608
5669671
5669712
5669806
5670038
5670462
5670485
5670512
5670523
5670676
5670772
5670854
5671019
5671331
5671701
5671817
5672070
5672223
5672391
5672627
5672759
5672771
5672794
5673093
5673130
5673246
5673254
5673299
5673339
5673395
5673559
5673571
5673838
5673869
5674094
5674191
5674206
5674454
5674561
5674981
5675021
5675084
5675111
5675294
5675389
5675424
5675490
5675554
5675578
5675599
5675629
5675653
5675812
5675956
5675969
5676073
5676085
5676134
5676145
5676250
5676322
5676474
5676491
5676548
5676659
5676731
5676814
5676944
5676958
5677099
5677236
5677263
5677674
5677858
5677875
5678098
5678101
5678227
5678307
5678556
5678591
5678882
5679121
5679359
5679382
5679541
5679553
5679570
5679601
5679667
5679836
5679863
5680034
5680130
5680213
5680368
5680488
5680559
5680655
5680803
5680810
5681228
5681394
5681405
5681613
5681667
5681824
5681836
5681918
5682271
5682376
5682665
5682796
5682812
5682840
5682898
5683072
5683114
5683203
5683225
5683238
5683305
5683386
5683495
5683626
5683675
5683800
5684004
5684100
5684128
5684354
5684487
5684507
5684932
5685031
5685218
5685230
5685262
5685381
5685390
5685483
5685714
5685866
5686342
5686544
5686597
5686627
5686715
5686733
5686946
5687120
5687329
5687353
5687430
5687451
5687676
5687736
5687763
5687772
5687950
5688033
5688071
5688110
5688292
5688358
5688528
5688593
5688990
5689131
5689248
5689255
5689373
5689516
5689595
5689858
5689906
5689992
5690019
5690072
5690170
5690421
5690477
5690484
5690495
5690611
5690644
5690754
5690908
5690947
5690971
5690994
5691290
5691351
5691826
5691832
5692146
5692355
5692363
5692381
5692668
5692706
5692952
5692993
5693195
5693276
5693464
5693703
5693774
5693787
5693836
5693973
5694124
5694279
5694476
5694597
5695169
5695397
5695657
5695679
5695750
5695768
5696021
5696233
5696247
5696345
5696481
5696501
5696637
5696718
5696751
5696762
5696886
5696956
5696987
5697089
5697149
5697201
5697222
5697246
5697316
5697492
5697619
5697636
5697744
5698073
5698128
5698161
5698202
5698536
5698647
5698694
5698779
5698983
5698997
5699010
5699108
5699159
5699166
5699232
5699297
5699314
5699449
5699531
5699557
5699586
5699736
5699763
5699781
5699943
5699995
