3500057
3500296
3500324
3500426
3500587
3500591
3500616
3500706
3500714
3500737
3500741
3500820
3500894
3501029
3501163
3501172
3501231
3501286
3501583
3501794
3501999
3502024
3502114
3502439
3502518
3502530
3502735
3502828
3502852
3503043
3503095
3503183
3503271
3503393
3503463
3503481
3503614
3503987
3504054
3504164
3504198
3504272
3504625
3504953
3504965
3505000
3505089
3505406
3505607
3505619
3505648
3505655
3505810
3505979
3506083
3506143
3506200
3506245
3506347
3506613
3506881
3506985
3507015
3507066
3507156
3507534
3507990
3508010
3508087
3508147
3508244
3508505
3508772
3508813
3509085
3509117
3509145
3509410
3509647
3509705
3509888
3509926
3509958
3510311
3510401
3510534
3510561
3510948
3510972
3511109
3511132
3511144
3511183
3511328
3511389
3511522
3511546
3511785
3511823
3511864
3511879
3512121
3512139
3512150
3512506
3512680
3512756
3512973
3513012
3513079
3513324
3513381
3513426
3513458
3513503
3513525
3513650
3513770
3513788
3513866
3513945
3513976
3513993
3514010
3514133
3514194
3514209
3514449
3514586
3514645
3514724
3514790
3514846
3514939
3514943
3515055
3515170
3515203
3515323
3515398
3515495
3515562
3515596
3515658
3515722
3515876
3515915
3515933
3516263
3516373
3516471
3516595
3516929
3516992
3517018
3517202
3517909
3517997
3518028
3518045
3518151
3518235
3518350
3518515
3518636
3518672
3518709
3518732
3518891
3518998
3519029
3519065
3519092
3519119
3519148
3519212
3519286
3519310
3519511
3519877
3520283
3520365
3520404
3520449
3520586
3520600
3520693
3520781
3520968
3521269
3521291
3521312
3521357
3521609
3521767
3521889
3521994
3522223
3522231
3522452
3522618
3522868
3522877
3522978
3523127
3523246
3523280
3523681
3523709
3523758
3523775
3523783
3523905
3523986
3524033
3524110
3524191
3524206
3524241
3524478
3524499
3524545
3524686
3524739
3524743
3524924
3525111
3525419
3525481
3525614
3525637
3525773
3526051
3526062
3526202
3526268
3526277
3526378
3526380
3526403
3526581
3526620
3526671
3526798
3526829
3526975
3527131
3527290
3527318
3527327
3527330
3527603
3527906
3527970
3528064
3528122
3528355
3528569
3528770
3528871
3529009
3529075
3529116
3529195
3529252
3529529
3529703
3529738
3529807
3530104
3530196
3530368
3530414
3530441
3530726
3530803
3530810
3530905
3531177
3531431
3531457
3531836
3531863
3532002
3532158
3532535
3532606
3532886
3532898
3532925
3532987
3533007
3533036
3533048
3533225
3533238
3533269
3533416
3533596
3533626
3533982
3534051
3534096
3534128
3534152
3534221
3534239
3534284
3534301
3534403
3534474
3534694
3534705
3534786
3535005
3535204
3535460
3535591
3535643
3535706
3535741
3535788
3535820
3535989
3536053
3536107
3536148
3536387
3536627
3536759
3536766
3536946
3537003
3537056
3537115
3537244
3537329
3537370
3537430
3537451
3537496
3537634
3537801
3537939
3537943
3537995
3538082
3538094
3538169
3538292
3538383
3538478
3538534
3538552
3538777
3539046
3539067
3539080
3539157
3539179
3539255
3539327
3539415
3539577
3539584
3539674
3539728
3539883
3540175
3540197
3540334
3540376
3540389
3540455
3540578
3540670
3540718
3540762
3540840
3540903
3540991
3541027
3541189
3541491
3541572
3541740
3541911
3541975
3542034
3542196
3542384
3542406
3542619
3542931
3542964
3543006
3543124
3543205
3543212
3543303
3543325
3543511
3543651
3543673
3543685
3543839
3543980
3544121
3544150
3544217
3544289
3544440
3544529
3544646
3544962
3545091
3545159
3545171
3545586
3545707
3545781
3545835
3546019
3546072
3546153
3546210
3546402
3546609
3546971
3547101
3547180
3547296
3547616
3547684
3547737
3547765
3547882
3547945
3547976
3547989
3548054
3548131
3548224
3548281
3548304
3548516
3548603
3548610
3548669
3548906
3548941
3548965
3548970
3549071
3549174
3549206
3549253
3549401
3549478
3549545
3549768
3549830
3549885
3550181
3550356
3550526
3550532
3550649
3550662
3550720
3550802
3550839
3550884
3550967
3551156
3551292
3551478
3551686
3551702
3551768
3551936
3552133
3552306
3552365
3552485
3552628
3552707
3552835
3552854
3552899
3552916
3552995
3553004
3553027
3553030
3553073
3553563
3553779
3553909
3554055
3554063
3554129
3554256
3554364
3554402
3554439
3554609
3554746
3554834
3554861
3554933
3555207
3555290
3555408
3555447
3555482
3555521
3555550
3555674
3555789
3555826
3555906
3555953
3555965
3555970
3556368
3556492
3556571
3556582
3556648
3556672
3556690
3557197
3557259
3557987
3558009
3558143
3558150
3558195
3558774
3558973
3559057
3559122
3559218
3559285
3559355
3559483
3559574
3559602
3559668
3559770
3559866
3560117
3560367
3560659
3560723
3560958
3560975
3561040
3561135
3561230
3561390
3561411
3561458
3561542
3561808
3561871
3561934
3561993
3562035
3562067
3562099
3562157
3562290
3562408
3562494
3562577
3562752
3562844
3562988
3563191
3563241
3563253
3563292
3563545
3563593
3563605
3563623
3563686
3563750
3563851
3563862
3563963
3564149
3564377
3564520
3564533
3564783
3564842
3564887
3564986
3565011
3565217
3565234
3565366
3565405
3565431
3565529
3565710
3565836
3565904
3565962
3566108
3566159
3566232
3566392
3566449
3566485
3566878
3566916
3566939
3567303
3567374
3567434
3567509
3567597
3567747
3567782
3567922
3568141
3568165
3568402
3568416
3568439
3568450
3568626
3568632
3568660
3568713
3568767
3569039
3569175
3569578
3569580
3569969
3569987
3570129
3570192
3570305
3570484
3570778
3570845
3570947
3571054
3571099
3571131
3571164
3571207
3571224
3571248
3571263
3571396
3571516
3571789
3571953
3572167
3572218
3572296
3572409
3572411
3572432
3572602
3572643
3572729
3572894
3573514
3573541
3573927
3573949
3573951
3573973
3573996
3574065
3574136
3574190
3574240
3574342
3574391
3574532
3574560
3574651
3574715
3574720
3574816
3574946
3574967
3575059
3575103
3575206
3575265
3575383
3575467
3575605
3575612
3575679
3575896
3576021
3576144
3576259
3576266
3576407
3577045
3577127
3577185
3577201
3577213
3577254
3577384
3577672
3577797
3577905
3577931
3578096
3578295
3578608
3578659
3578694
3578779
3578798
3578829
3578960
3579087
3579159
3579182
3579370
3579392
3579449
3579724
3579755
3579781
3579902
3579939
3579977
3580075
3580184
3580315
3580423
3580457
3580479
3580498
3580514
3580592
3580725
3580918
3580985
3581010
3581258
3581505
3581867
3582138
3582169
3582174
3582191
3582311
3582631
3582657
3582702
3582777
3582851
3582955
3583035
3583123
3583219
3583502
3583521
3583539
3583638
3583642
3583752
3583809
3584095
3584158
3584352
3584407
3584910
3585134
3585250
3585590
3585694
3586005
3586057
3586064
3586135
3586336
3586372
3586497
3586510
3586569
3586668
3586820
3586847
3586871
3586945
3586952
3586961
3586976
3587036
3587192
3587573
3588434
3588489
3588526
3588532
3588544
3588560
3589093
3589299
3589339
3589377
3589429
3589441
3589470
3589594
3589672
3589732
3589744
3589803
3589825
3589874
3589940
3590013
3590123
3590674
3590914
3590992
3591173
3591185
3591453
3591465
3591508
3591648
3591681
3591842
3591874
3591940
3592117
3592442
3592491
3592620
3592633
3592682
3592712
3592764
3592798
3593003
3593091
3593226
3593306
3593427
3593724
3593755
3594064
3594324
3594460
3594677
3594859
3594993
3595136
3595163
3595279
3595356
3595369
3595374
3595759
3595771
3595794
3595839
3595980
3596047
3596229
3596270
3596358
3596435
3596576
3596593
3596605
3596612
3596981
3597184
3597252
3597423
3597553
3597601
3597699
3597872
3598016
3598095
3598215
3598233
3598271
3598334
3598535
3598614
3598665
3598727
3598762
3598805
3598831
3598969
3598974
3599287
3599340
3599845
