4100208
4100328
4100436
4100580
4100692
4100727
4100857
4100879
4100969
4100991
4101380
4101536
4101555
4101958
4102052
4102267
4102299
4102429
4102470
4102488
4102492
4102520
4102905
4103029
4103107
4103231
4103298
4103452
4103560
4103954
4104011
4104044
4104177
4104184
4104245
4104667
4104699
4104703
4104863
4105010
4105069
4105159
4105329
4105404
4105505
4105835
4106007
4106024
4106055
4106269
4106287
4106291
4106357
4106379
4106386
4106876
4107057
4107122
4107348
4107355
4107363
4107372
4107706
4107765
4107792
4107976
4108157
4108198
4108385
4108459
4108471
4108539
4108550
4108603
4108687
4108700
4108844
4108941
4109047
4109059
4109237
4109849
4109919
4110031
4110064
4110251
4110285
4110460
4110677
4110684
4110695
4110741
4111088
4111124
4111356
4111417
4111428
4111630
4111651
4111821
4111839
4111954
4112063
4112106
4112291
4112340
4112585
4112611
4112626
4112701
4112713
4112817
4112852
4113095
4113718
4114013
4114078
4114186
4114236
4114362
4114385
4114408
4114415
4114466
4114860
4114875
4114941
4114965
4114970
4115118
4115130
4115185
4115267
4115321
4115672
4115760
4115783
4116058
4116168
4116261
4116440
4116486
4116498
4116565
4116570
4117033
4117082
4117191
4117229
4117360
4117467
4117804
4118166
4118209
4118283
4118341
4118388
4118557
4118707
4118921
4119456
4119536
4119590
4119615
4119731
4119829
4120263
4120330
4120396
4120568
4120906
4121118
4121162
4121465
4121571
4121744
4121760
4121891
4121940
4122176
4122243
4122250
4122378
4122399
4122519
4122806
4122865
4123087
4123297
4123341
4123365
4123790
4123867
4123939
4123950
4124031
4124319
4124336
4124363
4124591
4124989
4125053
4125088
4125264
4125310
4125338
4125428
4125434
4125489
4125511
4125759
4125821
4125850
4126480
4126528
4126605
4126698
4126919
4126924
4127044
4127457
4127588
4127819
4128111
4128233
4128247
4128407
4128692
4128762
4128857
4129165
4129210
4129256
4129484
4129530
4129609
4129626
4129852
4130115
4130182
4130353
4130586
4130645
4130689
4130693
4130719
4130846
4130977
4131036
4131192
4131269
4131386
4131697
4131966
4132029
4132163
4132240
4132868
4133118
4133185
4133213
4133343
4133470
4133559
4133571
4133732
4133931
4134059
4134237
4134270
4134332
4134467
4134528
4134631
4134768
4134919
4135002
4135043
4135175
4135393
4135448
4135463
4135501
4135535
4135580
4135692
4135718
4135805
4135831
4135857
4135974
4136018
4136073
4136152
4136216
4136671
4136705
4136723
4136829
4136841
4136975
4137080
4137099
4137164
4137224
4137263
4137362
4137466
4137595
4137603
4137674
4137937
4138023
4138057
4138307
4138336
4138411
4138587
4138602
4138668
4138753
4138847
4138993
4139060
4139177
4139234
4139245
4139261
4139333
4139405
4139646
4139667
4139678
4139774
4139807
4139930
4139996
4140029
4140172
4140205
4140417
4140526
4140560
4140583
4140771
4141020
4141059
4141094
4141125
4141191
4141206
4141311
4141499
4141640
4141664
4141963
4142003
4142069
4142341
4142724
4142763
4142801
4142939
4142943
4143073
4143202
4143216
4143335
4143572
4143647
4143712
4143764
4143798
4144007
4144024
4144090
4144137
4144188
4144364
4144439
4144713
4144722
4144800
4144845
4144852
4144876
4144889
4144908
4144982
4145112
4145408
4145433
4145568
4145656
4145826
4145844
4145875
4146343
4146681
4146842
4146874
4147050
4147247
4147282
4147294
4147448
4147688
4147785
4147812
4147831
4147879
4147987
4148009
4148060
4148075
4148143
4148195
4148245
4148252
4148479
4148529
4148699
4148774
4148863
4149064
4149079
4149409
4149820
4149866
4149952
4149976
4149993
4150073
4150128
4150322
4150572
4150615
4150870
4150911
4150944
4150975
4150997
4151251
4151262
4151390
4151458
4151569
4151591
4151820
4151976
4152351
4152516
4152550
4152811
4152826
4152897
4152988
4153071
4153094
4153125
4153138
4153174
4153187
4153206
4153265
4153332
4153467
4153478
4153499
4153561
4153698
4153721
4153972
4153990
4154104
4154151
4154213
4154339
4154508
4154515
4154559
4154619
4154709
4154726
4154803
4154838
4154964
4155058
4155121
4155150
4155359
4155601
4155949
4156069
4156232
4156297
4156329
4156586
4156772
4156977
4157070
4157190
4157223
4157342
4157493
4157597
4157708
4157794
4157802
4157839
4157884
4157913
4158114
4158269
4158450
4158609
4158626
4158644
4158660
4158778
4158817
4159132
4159436
4159490
4159629
4159653
4159762
4159805
4159864
4159969
4160059
4160082
4160138
4160435
4160454
4160500
4160948
4161158
4161175
4161247
4161864
4162009
4162032
4162464
4162678
4162725
4162791
4162951
4163113
4163273
4163285
4163324
4163432
4163525
4163737
4163993
4164108
4164314
4164365
4164388
4164430
4164473
4164496
4164579
4164916
4165153
4165165
4165269
4165287
4165340
4165402
4165573
4165626
4165675
4165889
4165908
4165947
4165982
4165994
4166112
4166207
4166263
4166351
4166373
4166433
4166550
4166728
4166789
4166883
4166965
4167189
4167608
4167814
4167983
4168076
4168267
4168547
4168636
4168648
4168905
4168940
4168964
4169014
4169029
4169037
4169053
4169231
4169286
4169400
4169558
4170017
4170034
4170149
4170173
4170196
4170222
4170838
4170905
4171011
4171121
4171184
4171371
4171412
4171553
4171654
4171699
4171848
4171918
4171949
4172050
4172300
4172490
4172749
4172762
4172805
4172812
4172910
4173106
4173188
4173291
4173421
4173477
4173562
4173828
4173852
4173876
4173994
4174189
4174301
4174491
4174536
4174563
4174647
4174814
4174870
4174932
4174997
4175023
4175064
4175135
4175227
4175285
4175458
4175503
4175538
4175643
4176029
4176303
4176325
4176400
4176461
4176782
4176901
4176946
4176967
4177010
4177297
4177337
4177540
4177661
4177689
4177763
4177813
4177968
4178059
4178169
4178270
4178332
4178360
4178467
4178589
4178750
4178777
4178896
4178924
4178936
4178990
4179022
4179078
4179272
4179281
4179318
4179550
4179826
4179929
4180055
4180072
4180210
4180225
4180256
4180421
4180443
4180660
4180845
4180933
4181001
4181131
4181186
4181198
4181224
4181236
4181272
4181471
4181502
4181595
4181761
4181826
4181937
4181953
4181988
4182031
4182057
4182146
4182199
4182348
4182591
4182882
4183032
4183060
4183102
4183200
4183261
4183333
4183347
4183725
4183787
4183848
4183904
4183949
4184006
4184041
4184065
4184124
4184172
4184257
4184264
4184279
4184374
4184583
4184685
4184747
4184782
4184901
4184946
4184999
4185047
4185066
4185103
4185110
4185561
4185593
4185657
4185702
4186002
4186144
4186215
4186328
4186393
4186436
4186463
4186481
4186629
4186727
4186751
4186886
4186910
4186974
4187196
4187406
4187441
4187470
4187566
4187709
4187775
4188134
4188243
4188277
4188284
4188322
4188354
4188487
4188491
4188608
4188671
4188829
4188911
4188932
4188975
4189091
4189226
4189337
4189341
4189586
4189772
4190177
4190308
4190366
4190431
4190464
4190541
4190654
4190819
4190927
4191166
4191462
4191540
4191579
4191661
4191693
4191724
4191801
4191822
4191899
4191916
4191950
4192110
4192142
4192191
4192253
4192743
4192768
4192830
4192851
4192862
4193140
4193186
4193385
4193734
4193793
4193941
4194077
4194126
4194233
4194407
4194455
4194886
4194987
4195161
4195189
4195193
4195322
4195403
4195563
4195806
4195814
4195892
4196122
4196411
4196503
4196569
4196668
4196859
4196976
4197019
4197129
4197269
4197274
4197439
4197450
4197551
4197611
4197632
4197893
4198006
4198136
4198445
4198509
4198558
4198583
4198597
4198759
4198901
4198946
4199280
4199559
