1600013
1600105
1600198
1600396
1600447
1600471
1600502
1600691
1600700
1600717
1600811
1600897
1601089
1601127
1601222
1601429
1601709
1601711
1601732
1602193
1602216
1602239
1602284
1602590
1602659
1602682
1602712
1602731
1603171
1603314
1603329
1603392
1603473
1603485
1603523
1603645
1603652
1603846
1604012
1604079
1604230
1604372
1604643
1604765
1604815
1605070
1605286
1605338
1605434
1605493
1605544
1605575
1605583
1605766
1605946
1606174
1606292
1606480
1606576
1606739
1606862
1606919
1606963
1607026
1607044
1607289
1607486
1607819
1607855
1607863
1608175
1608259
1608352
1608407
1608554
1608762
1608942
1609129
1609137
1609225
1609323
1609477
1609780
1609893
1609947
1609971
1610102
1610121
1610252
1610423
1610601
1610855
1610863
1610881
1610904
1610985
1611038
1611069
1611166
1611209
1611275
1611337
1611365
1611540
1611617
1611676
1611707
1611867
1612094
1612326
1612435
1612576
1612702
1612818
1612885
1612924
1613157
1613179
1613186
1613290
1613373
1613415
1613459
1613543
1613717
1614294
1614345
1614463
1614670
1614864
1614925
1614942
1615073
1615176
1615354
1615425
1615469
1615507
1615682
1616040
1616204
1616262
1616409
1616426
1616432
1616574
1616714
1616808
1616820
1616859
1617019
1617153
1617596
1617701
1618163
1618172
1618338
1618400
1618434
1618843
1618850
1619034
1619118
1619339
1619350
1619470
1619520
1619624
1619758
1619869
1619957
1620144
1620175
1620259
1620472
1620501
1620546
1620567
1620641
1620727
1620749
1620991
1621004
1621051
1621128
1621216
1621268
1621378
1621474
1621671
1621682
1621705
1621731
1621798
1621806
1621865
1621926
1622089
1622246
1622299
1622377
1622547
1622726
1622758
1622842
1622891
1622912
1622964
1622998
1623257
1623342
1623452
1623511
1623597
1623980
1624058
1624060
1624289
1624382
1624457
1624529
1624725
1624930
1624996
1625133
1625314
1625370
1625449
1625676
1625724
1625902
1625984
1626081
1626114
1626141
1626210
1626225
1626573
1626683
1626799
1626933
1627040
1627064
1627154
1627262
1627307
1627381
1627390
1627475
1627556
1627569
1627621
1627650
1627714
1627737
1627882
1628054
1628067
1628080
1628447
1628466
1628494
1628539
1628687
1628988
1629206
1629237
1629292
1629679
1629827
1629981
1630053
1630279
1630286
1630526
1630558
1630627
1630877
1631047
1631435
1631561
1631743
1631936
1631972
1632074
1632232
1632365
1632388
1632763
1632801
1632813
1632995
1633096
1633134
1633193
1633403
1633456
1633829
1633997
1634242
1634291
1634364
1634450
1634527
1634609
1634876
1634893
1635123
1635140
1635236
1635255
1635281
1635330
1635373
1635482
1635550
1635603
1635832
1635937
1635953
1636052
1636655
1636940
1637039
1637111
1637126
1637158
1637220
1637300
1637328
1637436
1637481
1637704
1637727
1637886
1638032
1638058
1638075
1638083
1638168
1638293
1638308
1638347
1638359
1638382
1638710
1638742
1638756
1639227
1639348
1639820
1639952
1640010
1640120
1640147
1640159
1640392
1640427
1640451
1640693
1640846
1640878
1641225
1641238
1641340
1641477
1641484
1641585
1641596
1641658
1641675
1641933
1641947
1641982
1642092
1642148
1642356
1642391
1642417
1642618
1642651
1642685
1642816
1643052
1643093
1643185
1643196
1643254
1643316
1643321
1643377
1643465
1643619
1643711
1643732
1643758
1643923
1644229
1644241
1644253
1644375
1644383
1644397
1644435
1644955
1645043
1645334
1645345
1645407
1645513
1645637
1645692
1645823
1645840
1645886
1646018
1646128
1646189
1646202
1646295
1646313
1646590
1646705
1647099
1647272
1647385
1647502
1647550
1647610
1647832
1647953
1648023
1648040
1648086
1648101
1648497
1648591
1648643
1648695
1648714
1648741
1648815
1648928
1648945
1648976
1649044
1649116
1649121
1649139
1649412
1649440
1649836
1649973
1650093
1650104
1650151
1650368
1650437
1650690
1650869
1650874
1650931
1651143
1651150
1651228
1651333
1651486
1651537
1651699
1651774
1651918
1651927
1652144
1652282
1652455
1652670
1652704
1652785
1652796
1652903
1652974
1653036
1653192
1653468
1653518
1653683
1653778
1653893
1653982
1654322
1654346
1654814
1654853
1655113
1655178
1655285
1655307
1655639
1655729
1655737
1655833
1655928
1655934
1655976
1656181
1656190
1656417
1656544
1656649
1656999
1657038
1657069
1657087
1657182
1657365
1657427
1657586
1657724
1657755
1657763
1657835
1657995
1658020
1658214
1658358
1658561
1658657
1658664
1659157
1659255
1659351
1659408
1659482
1659687
1659745
1659776
1659809
1659826
1659988
1659992
1660019
1660048
1660090
1660170
1660242
1660274
1660291
1660340
1660416
1660754
1660889
1660966
1660971
1661022
1661046
1661502
1661625
1661687
1661776
1661832
1661860
1662086
1662098
1662218
1662381
1662409
1662426
1662444
1662458
1662503
1662616
1662677
1663058
1663177
1663382
1663890
1664006
1664065
1664070
1664257
1664630
1664649
1664696
1664877
1664884
1665125
1665311
1665326
1665467
1665750
1665936
1665963
1666016
1666160
1666665
1666670
1666762
1667619
1667760
1667783
1667887
1667912
1667923
1667957
1668062
1668100
1668277
1668563
1668620
1668659
1668671
1668740
1668853
1668888
1668892
1668975
1669091
1669133
1669314
1669341
1669557
1669628
1669645
1669724
1669822
1669854
1669880
1670128
1670354
1670410
1670507
1670888
1670911
1671180
1671262
1671426
1671483
1671497
1671503
1671510
1671569
1671621
1671737
1671866
1671945
1672186
1672408
1672447
1672502
1672568
1672745
1672826
1672844
1672883
1672897
1672970
1673020
1673066
1673156
1673174
1673187
1673206
1673229
1673534
1673631
1673657
1673795
1673862
1673896
1673972
1674339
1674453
1674470
1674520
1674619
1674726
1674744
1674797
1675032
1675058
1675150
1675184
1675234
1675308
1675423
1675457
1675565
1675654
1675667
1675930
1676115
1676166
1676194
1676211
1676232
1676353
1676449
1676451
1676540
1676628
1676755
1676781
1676854
1676984
1677231
1677310
1677325
1677356
1677417
1677461
1677511
1677618
1677673
1677913
1677954
1678036
1678238
1678291
1678305
1678357
1678450
1678799
1678800
1678959
1679039
1679144
1679407
1679455
1679535
1679653
1679796
1679857
1679942
1680020
1680059
1680082
1680169
1680191
1680206
1680270
1680332
1680499
1680589
1680679
1680743
1680924
1681043
1681247
1681259
1681317
1681614
1681641
1681692
1681956
1682009
1682083
1682177
1682382
1682412
1682431
1682440
1682613
1682949
1682985
1683040
1683086
1683146
1683178
1683497
1683510
1683833
1684598
1684689
1684781
1684801
1684846
1684880
1684995
1685129
1685165
1685192
1685274
1685340
1685357
1685735
1685994
1686054
1686131
1686198
1686255
1686385
1686610
1686669
1686700
1686734
1686776
1686826
1686897
1687085
1687152
1687189
1687438
1687456
1687474
1687491
1687507
1687682
1687731
1687932
1688076
1688118
1688149
1688492
1688508
1688709
1688711
1688803
1688940
1689053
1689223
1689286
1689452
1689544
1689583
1689649
1689651
1689696
1689843
1689850
1689877
1690355
1690426
1690510
1690538
1690591
1690639
1690714
1690753
1690859
1690866
1690917
1690989
1691029
1691205
1691231
1691240
1691279
1691445
1691461
1691511
1691544
1691597
1691802
1691868
1692019
1692225
1692527
1692585
1693233
1693629
1693718
1693886
1694001
1694198
1694219
1694224
1694263
1694420
1694471
1694674
1694929
1695437
1695571
1695655
1695842
1695931
1695979
1696011
1696058
1696217
1696276
1696613
1696725
1696918
1697110
1697229
1697517
1697528
1697534
1697721
1697784
1697849
1697873
1697919
1698091
1698523
1698557
1698634
1698645
1698846
1698943
1699030
1699085
1699128
1699134
1699161
1699176
1699268
1699378
1699380
1699456
1699563
1699620
1699841
1699911
1699958
