3800391
3800489
3800526
3800685
3800922
3801008
3801094
3801169
3801326
3801467
3801499
3801777
3802010
3802283
3802329
3802353
3802523
3802564
3802598
3802748
3802899
3802921
3803049
3803128
3803239
3803354
3803548
3803563
3803572
3803958
3804063
3804305
3804312
3804323
3804421
3804443
3804530
3804609
3804632
3804701
3804800
3804908
3804915
3804966
3805157
3805198
3805656
3806000
3806017
3806149
3806213
3806299
3806339
3806582
3806594
3807050
3807144
3807259
3807266
3807334
3807393
3807455
3807501
3807599
3807629
3807785
3807857
3807956
3808032
3808150
3808228
3808276
3808333
3808359
3808541
3808703
3808787
3808848
3808855
3809086
3809101
3809135
3809538
3809677
3809815
3809894
3810271
3810294
3810535
3810831
3810974
3811216
3811243
3811277
3811322
3811346
3811425
3811519
3811581
3811615
3811633
3811666
3811694
3811806
3811997
3812034
3812104
3812118
3812196
3812222
3812267
3812709
3812842
3812869
3812891
3812912
3812957
3812979
3813136
3813148
3813342
3813374
3813604
3813630
3813696
3813913
3813946
3813967
3814032
3814116
3814245
3814289
3814565
3814667
3814725
3814742
3814855
3815010
3815025
3815038
3815260
3815462
3815505
3815719
3815790
3815846
3815878
3815943
3816165
3816274
3816305
3816312
3816402
3816626
3816778
3816933
3816959
3817079
3817146
3817409
3817411
3817432
3817569
3817602
3817714
3817729
3817741
3817770
3818013
3818099
3818482
3818521
3818687
3818789
3818809
3819015
3819187
3819612
3819827
3819885
3819907
3819981
3820102
3820116
3820234
3820412
3820537
3820541
3820738
3820855
3821025
3821069
3821115
3821353
3821430
3821652
3821790
3822008
3822020
3822059
3822214
3822265
3822311
3822500
3822750
3822784
3822827
3823140
3823236
3823502
3823584
3824472
3824481
3824606
3824641
3824831
3824938
3825030
3825062
3825474
3825507
3825590
3825666
3825705
3825798
3825806
3825983
3826057
3826098
3826167
3826525
3826591
3826770
3827019
3827141
3827402
3827585
3827644
3827735
3827746
3827780
3827915
3828037
3828041
3828163
3828356
3828452
3828526
3828627
3828673
3828877
3828913
3829028
3829185
3829267
3829339
3829520
3829533
3829594
3829709
3829856
3829874
3829912
3829998
3830054
3830067
3830078
3830248
3830396
3830447
3830543
3830603
3830638
3830656
3830669
3830700
3830745
3830914
3830937
3830953
3831034
3831235
3831302
3831316
3831368
3831441
3831465
3831559
3831571
3831619
3831624
3831744
3831905
3832117
3832189
3832193
3832346
3832647
3832764
3832806
3832926
3833042
3833074
3833194
3833430
3833451
3833512
3833540
3833719
3833755
3833790
3834057
3834199
3834204
3834273
3834510
3834737
3834976
3834993
3835053
3835107
3835119
3835279
3835338
3835511
3835630
3835651
3835766
3835771
3835895
3835922
3835967
3836169
3836454
3836605
3836686
3836784
3836849
3837075
3837308
3837431
3837537
3837680
3838233
3838424
3838578
3838606
3838614
3838653
3838751
3838785
3838796
3839386
3839585
3839596
3840073
3840239
3840268
3840572
3840829
3840837
3840888
3841079
3841167
3841227
3841273
3841336
3841432
3841483
3841497
3841792
3841808
3841815
3842078
3842236
3842466
3842482
3842543
3842761
3843082
3843241
3843253
3843326
3843358
3843528
3843657
3843664
3843827
3843924
3844089
3844118
3844127
3844185
3844395
3844594
3844711
3844783
3844923
3844940
3845011
3845075
3845083
3845228
3845529
3845565
3845646
3845654
3845680
3845890
3845927
3846120
3846159
3846226
3846314
3846329
3846365
3846404
3846430
3846485
3846523
3846634
3846676
3846724
3846835
3847029
3847070
3847428
3847476
3847583
3847630
3847720
3847954
3847967
3848048
3848081
3848165
3848203
3848256
3848828
3849068
3849084
3849144
3849220
3849247
3849266
3849334
3849352
3849472
3849535
3849987
3850059
3850311
3850358
3850500
3850545
3850561
3850750
3850885
3850919
3851021
3851043
3851208
3851266
3851436
3851448
3851580
3851718
3851956
3852009
3852252
3852359
3852412
3852457
3852498
3852570
3852601
3852646
3852725
3852791
3852807
3852951
3853005
3853230
3853249
3853348
3853432
3853444
3853460
3853587
3853639
3853770
3853815
3853820
3853917
3854003
3854042
3854133
3854147
3854166
3854244
3854341
3854430
3854449
3854586
3854628
3855055
3855129
3855780
3855828
3855861
3855908
3855920
3856255
3856318
3856373
3856482
3856539
3856734
3856811
3856965
3856992
3857062
3857073
3857284
3857425
3857487
3857548
3857647
3857870
3857997
3858000
3858201
3858213
3858508
3858559
3858783
3859029
3859172
3859303
3859526
3859782
3859922
3859967
3860023
3860079
3860218
3860324
3860336
3860363
3860475
3860684
3860737
3860866
3860989
3861303
3861310
3861452
3861560
3861583
3861597
3861649
3861843
3861868
3861978
3862055
3862063
3862225
3862416
3862421
3862495
3862504
3862626
3862817
3863043
3863294
3863334
3863606
3863670
3863688
3863692
3864078
3864330
3864349
3864415
3864502
3864669
3864700
3864937
3864965
3865000
3865127
3865162
3865343
3865414
3865465
3865566
3865582
3865636
3865758
3865803
3865905
3865986
3865998
3866026
3866044
3866177
3866184
3866359
3866412
3866464
3866654
3866699
3866703
3866824
3866962
3867020
3867047
3867237
3867422
3867528
3867589
3867686
3867721
3867885
3867907
3867972
3867990
3868159
3868505
3868523
3868579
3868617
3868628
3868634
3868645
3868652
3868661
3868693
3868854
3868921
3869268
3869367
3869524
3869581
3869590
3869731
3869853
3870108
3870451
3870496
3870531
3870557
3870579
3870652
3870676
3870822
3870939
3871165
3871379
3871495
3871518
3871573
3871658
3871767
3871800
3871845
3871861
3871920
3871982
3872286
3872369
3872428
3872511
3872649
3872673
3872715
3872877
3873196
3873429
3873437
3873453
3873547
3873566
3873964
3874066
3874125
3874187
3874241
3874288
3874478
3874640
3874795
3874804
3875050
3875407
3875606
3875864
3875886
3875898
3876403
3876438
3876555
3876581
3876608
3876682
3876786
3877099
3877186
3877255
3877793
3877826
3877844
3878098
3878122
3878336
3878460
3878475
3878621
3878668
3878706
3878808
3878882
3879009
3879121
3879293
3879553
3880196
3880437
3880488
3880607
3880672
3880709
3880825
3881234
3881245
3881498
3881506
3881553
3881667
3882016
3882050
3882183
3882215
3882220
3882259
3882352
3882376
3882472
3882653
3882730
3882805
3882831
3882898
3882903
3883203
3883357
3883484
3883626
3883675
3883735
3883780
3883845
3883889
3883982
3884117
3884128
3884216
3884354
3884723
3884779
3884911
3885230
3885336
3885503
3885542
3885866
3885900
3886310
3886417
3886560
3886627
3886821
3886913
3887115
3887120
3887209
3887314
3887676
3887748
3887822
3887854
3887968
3888174
3888214
3888326
3888332
3888446
3888480
3888702
3888919
3889140
3889408
3889577
3889687
3889717
3889745
3889752
3889761
3890331
3890530
3890915
3890933
3890959
3890994
3891080
3891207
3891304
3891521
3891577
3891776
3891875
3892023
3892180
3892204
3892285
3892355
3892409
3892444
3892569
3892639
3892677
3892770
3892894
3892917
3893252
3893366
3893371
3893394
3893405
3893457
3893529
3893565
3893588
3893667
3893703
3894006
3894163
3894172
3894190
3894223
3894303
3894560
3894649
3894839
3894922
3894980
3895066
3895071
3895383
3895397
3895446
3895679
3895784
3895827
3895873
3896050
3896812
3896938
3897118
3897149
3897406
3897655
3897672
3897825
3897964
3897979
3898277
3898519
3898731
3898870
3898911
3899038
3899209
3899275
3899540
3899763
3899835
3899977
