4600382
4600412
4601003
4601091
4601211
4601370
4601418
4601427
4601801
4601878
4601995
4602206
4602270
4602326
4602375
4602500
4602545
4602593
4602777
4602818
4602955
4603123
4603140
4603248
4603433
4603459
4603700
4603809
4603826
4603860
4603937
4603970
4604247
4604419
4604436
4604463
4604567
4604629
4604637
4604749
4604987
4605004
4605018
4605051
4605176
4605313
4605581
4605615
4605892
4605926
4605975
4606167
4606372
4606483
4606503
4606587
4606591
4606639
4606729
4606917
4606945
4607048
4607081
4607518
4607609
4607754
4607828
4607834
4607893
4607908
4608014
4608212
4608223
4608231
4608264
4608452
4608649
4608662
4608794
4608901
4609196
4609201
4609368
4609441
4609619
4609636
4609758
4609760
4609825
4609856
4609905
4610007
4610256
4610305
4610398
4610416
4610439
4610450
4610675
4610754
4610767
4610799
4610845
4611105
4611123
4611224
4611255
4611327
4611420
4611521
4611656
4611929
4612122
4612432
4612643
4612917
4613293
4613366
4613498
4613537
4613570
4613678
4613774
4613890
4613949
4613962
4614006
4614041
4614190
4614279
4614400
4614575
4614839
4614999
4615103
4615237
4615253
4615467
4615528
4615552
4616095
4616247
4616259
4616345
4616393
4616407
4616481
4616641
4616718
4616910
4616991
4617017
4617196
4617377
4617384
4617414
4617547
4617571
4617672
4617690
4617760
4617905
4617964
4618100
4618134
4618410
4618474
4618491
4618548
4618620
4618712
4618798
4618837
4618841
4618892
4618958
4619091
4619194
4619329
4619388
4619427
4619505
4619523
4619564
4620029
4620212
4620303
4620325
4620338
4620476
4620509
4620649
4620662
4620685
4620696
4620782
4620850
4620901
4621142
4621265
4621270
4621375
4621397
4621467
4621545
4621589
4621750
4621768
4622069
4622074
4622314
4622341
4622427
4622719
4622748
4622939
4622968
4622995
4623018
4623027
4623073
4623117
4623189
4623410
4623442
4623572
4623615
4623712
4623723
4623829
4623837
4623870
4623892
4624081
4624106
4624153
4624238
4624291
4624331
4624364
4624379
4624780
4625054
4625272
4625385
4625396
4625502
4625516
4625543
4625832
4625906
4625914
4625929
4625937
4626127
4626213
4626246
4626508
4626559
4626619
4626648
4626672
4626744
4626803
4626842
4626891
4626905
4626957
4627039
4627175
4627247
4627463
4627472
4627727
4627730
4627749
4627879
4627956
4627969
4628200
4628293
4628320
4628570
4628654
4628710
4628738
4629064
4629098
4629381
4629390
4629621
4629639
4629677
4629737
4630176
4630367
4630403
4630519
4630997
4631079
4631348
4631460
4631650
4631753
4631788
4631792
4631847
4632022
4632164
4632236
4632255
4632521
4632568
4632577
4632745
4632752
4632860
4632929
4633103
4633174
4633344
4633446
4633664
4633686
4633784
4633919
4634104
4634130
4634162
4634368
4634429
4634437
4634441
4634470
4634571
4634619
4634810
4634905
4635011
4635366
4635371
4635423
4635479
4635613
4635646
4635654
4635725
4635807
4635819
4635848
4636038
4636133
4636564
4636579
4636772
4636943
4636950
4637452
4637685
4637843
4638141
4638242
4638269
4638331
4638357
4638398
4638450
4638495
4638632
4638778
4639158
4639599
4639606
4639653
4639665
4639692
4639864
4639938
4640080
4640186
4640248
4640327
4640502
4640539
4640584
4640728
4640793
4640826
4640906
4641127
4641429
4641624
4641709
4641797
4641874
4642027
4642085
4642100
4642189
4642313
4642367
4642442
4642456
4642548
4642620
4642723
4642786
4642926
4643244
4643258
4643523
4643586
4643661
4643943
4644079
4644122
4644154
4644227
4644273
4644324
4644355
4644432
4644639
4644677
4644741
4644847
4644859
4645088
4645107
4645172
4645190
4645452
4645493
4645696
4645708
4645816
4645877
4646103
4646174
4646187
4646309
4646499
4646702
4646716
4646849
4646948
4647083
4647289
4647486
4647514
4647529
4647985
4648077
4648208
4648233
4648247
4648294
4648389
4648718
4648749
4648823
4648925
4648938
4649019
4649048
4649188
4649192
4649256
4649443
4649527
4649562
4649675
4649722
4649735
4649746
4649852
4649915
4649971
4650166
4650232
4650341
4650598
4650707
4650748
4650846
4650916
4650921
4651024
4651242
4651632
4651697
4651701
4651767
4651828
4652223
4652264
4652286
4652369
4652476
4652526
4652913
4653201
4653377
4653384
4653395
4653711
4653803
4653838
4653891
4653957
4654187
4654383
4654576
4654640
4654716
4654768
4654849
4654873
4655050
4655068
4655077
4655361
4655436
4655567
4655910
4655956
4655991
4656152
4656243
4656250
4656284
4656438
4656507
4656555
4656705
4656841
4656870
4656975
4657263
4657543
4657691
4657953
4657965
4657988
4658031
4658040
4658135
4658204
4658336
4658426
4658569
4658684
4658765
4658792
4658820
4658934
4658976
4659139
4659308
4659431
4659457
4659565
4659951
4660000
4660162
4660201
4660465
4660607
4660842
4661011
4661168
4661195
4661228
4661486
4661553
4661710
4661769
4661791
4662271
4662294
4662448
4662614
4662751
4662773
4663048
4663090
4663323
4663495
4663551
4663562
4663735
4663817
4663893
4663908
4663959
4663982
4664216
4664410
4664456
4664469
4664581
4664671
4664682
4664853
4664870
4664975
4665086
4665204
4665296
4665390
4665574
4665650
4665753
4665788
4666136
4666148
4666489
4666493
4666532
4666816
4667056
4667120
4667226
4667337
4667418
4667496
4667598
4667724
4667790
4667801
4667854
4667916
4667939
4667968
4668008
4668015
4668020
4668082
4668094
4668191
4668288
4668309
4668640
4668716
4668743
4668948
4668981
4669099
4669112
4669198
4669219
4669224
4669728
4669734
4669776
4669793
4669811
4669883
4669941
4670059
4670265
4670375
4670478
4670640
4670686
4670818
4670827
4670830
4670990
4671111
4671259
4671352
4671419
4671436
4671535
4671727
4671938
4671956
4671974
4671991
4672228
4672371
4672412
4672464
4672570
4672848
4672890
4672927
4672930
4672962
4673218
4673273
4673296
4673355
4673569
4673639
4673650
4673737
4674003
4674182
4674194
4674283
4674628
4674801
4675081
4675225
4675585
4675683
4675735
4675800
4675845
4675889
4676263
4676415
4676539
4676610
4676642
4676761
4676929
4676953
4676992
4677193
4677277
4677313
4677346
4677403
4677425
4677474
4677620
4677659
4677682
4677932
4678028
4678118
4678162
4678213
4678222
4678278
4678395
4678453
4678465
4678559
4678566
4678607
4678624
4678810
4679092
4679155
4679172
4679205
4679223
4679240
4679901
4679999
4680086
4680113
4680167
4680363
4680432
4680621
4680753
4680765
4680815
4681065
4681544
4681583
4681618
4681673
4681720
4682019
4682331
4682477
4682767
4682889
4682908
4682915
4683175
4683208
4683463
4683481
4683522
4683599
4683749
4683751
4683796
4683840
4683974
4684207
4684568
4684595
4684789
4684860
4684897
4685045
4685118
4685470
4685594
4685690
4685711
4685732
4685874
4685891
4686009
4686060
4686667
4686699
4686725
4686787
4686918
4687059
4687066
4687214
4687375
4687576
4687919
4688087
4688108
4688232
4688314
4688329
4688370
4688388
4688427
4688430
4688496
4688564
4688693
4688995
4689051
4689117
4689243
4689335
4689474
4689581
4689705
4689779
4689786
4689870
4689944
4689975
4690016
4690077
4690220
4690233
4690688
4690718
4690749
4690805
4691027
4691221
4691399
4691712
4691814
4691958
4692017
4692089
4692185
4692246
4692302
4692533
4692582
4692711
4692726
4692905
4693172
4693212
4693298
4693387
4693583
4693843
4693946
4693978
4694026
4694359
4694412
4694486
4694506
4694529
4694537
4694553
4694787
4695069
4695337
4695473
4695902
4695939
4695950
4696055
4696081
4696106
4696192
4696312
4696530
4696658
4696697
4696701
4696767
4696834
4696971
4697005
4697079
4697285
4697307
4697348
4697808
4697882
4697917
4697934
4698099
4698219
4698318
4698373
4698415
4698420
4698625
4698776
4698826
4699033
4699071
4699270
4699517
4699623
4699750
4699830
