2600019
2600153
2600331
2600379
2600443
2600817
2600982
2601099
2601224
2601248
2601255
2601466
2601550
2601625
2601776
2601988
2602031
2602040
2602098
2602122
2602146
2602178
2602249
2602296
2602319
2602355
2602409
2602483
2602497
2602510
2602525
2602574
2603168
2603195
2603234
2603394
2603486
2603592
2603635
2603756
2603791
2603872
2603904
2603949
2603962
2604119
2604461
2604509
2604526
2604583
2604715
2604913
2605214
2605237
2605265
2605657
2605795
2605827
2605896
2605990
2606021
2606077
2606158
2606160
2606334
2606361
2606436
2606599
2606665
2606749
2606796
2606823
2606879
2607130
2607173
2607213
2607316
2607453
2607520
2607559
2607874
2607931
2607979
2608216
2608268
2608335
2608367
2608469
2608666
2608779
2608806
2608865
2608958
2609069
2609194
2609297
2609341
2609781
2609822
2610000
2610089
2610130
2610278
2610429
2610470
2610624
2610711
2610797
2610940
2611026
2611058
2611150
2611195
2611252
2611440
2611506
2611541
2611601
2611622
2611635
2611646
2611769
2612050
2612317
2612718
2612864
2612956
2613114
2613188
2613386
2613573
2613780
2613893
2613908
2614018
2614161
2614250
2614507
2614572
2614620
2614997
2615023
2615079
2615249
2615695
2615706
2615729
2615989
2616014
2616037
2616223
2616240
2616338
2616649
2616733
2616868
2616895
2616901
2616978
2617038
2617171
2617258
2617306
2617341
2617564
2617880
2617943
2617984
2618015
2618047
2618071
2618138
2618206
2618422
2618478
2618589
2618605
2618623
2618716
2618851
2618873
2618936
2619123
2619219
2619248
2619255
2619263
2619502
2619603
2619691
2619826
2619860
2619965
2620018
2620128
2620313
2620487
2620507
2620633
2620731
2620798
2620911
2620997
2621040
2621135
2621381
2621475
2621483
2621587
2621650
2621677
2621695
2622001
2622022
2622067
2622290
2622327
2622349
2622734
2622826
2622844
2622858
2623174
2623237
2623397
2623446
2623454
2623480
2623552
2623623
2623631
2623827
2624061
2624254
2624316
2624492
2624566
2624571
2624624
2624775
2624869
2625075
2625102
2625150
2625168
2625195
2625252
2625382
2625479
2625506
2625962
2625973
2626370
2626392
2626462
2626634
2626676
2626835
2626984
2627338
2627627
2627673
2627759
2627802
2628007
2628192
2628210
2628238
2628291
2628312
2628331
2628477
2628495
2628585
2628644
2628834
2628845
2628966
2628971
2628982
2629111
2629233
2629282
2629334
2629501
2629522
2629535
2629641
2629749
2629840
2629886
2629991
2630071
2630214
2630253
2630265
2630397
2630413
2630467
2630500
2630657
2630716
2630830
2630896
2630955
2631144
2631294
2631455
2631522
2631546
2631554
2631606
2631688
2631704
2631749
2631823
2631969
2631987
2632315
2632541
2632646
2632819
2632918
2632951
2633040
2633079
2633249
2633542
2633833
2633866
2633952
2633989
2634087
2634120
2634370
2634512
2634617
2634693
2634719
2634854
2635141
2635421
2635439
2635477
2635573
2635754
2635876
2635933
2636001
2636013
2636035
2636123
2636219
2636318
2636351
2636471
2636516
2636543
2636669
2636929
2637062
2637243
2637295
2637354
2637659
2637694
2637723
2637740
2637926
2638017
2638034
2638222
2638302
2638350
2638566
2638681
2638690
2638783
2638874
2638891
2638957
2639053
2639286
2639511
2639560
2639630
2639843
2639922
2639954
2640032
2640044
2640168
2640217
2640423
2640646
2640710
2640774
2641258
2641392
2641418
2641430
2641473
2641634
2642214
2642397
2642612
2642849
2642907
2642919
2643001
2643054
2643131
2643207
2643351
2643860
2643988
2643992
2644002
2644039
2644043
2644160
2644233
2644271
2644300
2644424
2644578
2644796
2644903
2645004
2645202
2645399
2645425
2645671
2645723
2645814
2645853
2645997
2646040
2646178
2646180
2646336
2646503
2646587
2646621
2646741
2646815
2646866
2647072
2647114
2647141
2647165
2647210
2647238
2647379
2647421
2647660
2647982
2648070
2648155
2648181
2648286
2648369
2648526
2648544
2648560
2648597
2648946
2649185
2649492
2649672
2649744
2650013
2650123
2650164
2650568
2651151
2651316
2651321
2651395
2651406
2651636
2651912
2651940
2652030
2652049
2652128
2652277
2652367
2652438
2652469
2652837
2652865
2652960
2652997
2653091
2653147
2653194
2653984
2654154
2654178
2654180
2654355
2654497
2654616
2654621
2654714
2655452
2655461
2655759
2655895
2656015
2656253
2656344
2656478
2656679
2656862
2657011
2657177
2657245
2657371
2657553
2657769
2657848
2658016
2658021
2658043
2658050
2658144
2658266
2658294
2658455
2658472
2658554
2658629
2658987
2659188
2659192
2659305
2659323
2659876
2659959
2659966
2659994
2660003
2660010
2660194
2660314
2660353
2660598
2660634
2660781
2660950
2660995
2661024
2661090
2661129
2661188
2661192
2661477
2661585
2661596
2661746
2661780
2661845
2662070
2662148
2662231
2662298
2662325
2662387
2662476
2662544
2662673
2662733
2662843
2662954
2663000
2663061
2663089
2663196
2663235
2663254
2663453
2663520
2663758
2663783
2663874
2664110
2664169
2664360
2664686
2664804
2664873
2665016
2665126
2665259
2665334
2665352
2665407
2665490
2665665
2665785
2665805
2665910
2666145
2666152
2666193
2666268
2666295
2666399
2666474
2666555
2666633
2666666
2666786
2666798
2666806
2666909
2666932
2666944
2667351
2667482
2667543
2667595
2667656
2667674
2667858
2667937
2668199
2668230
2668251
2668961
2668976
2668989
2669150
2669234
2669529
2669592
2669710
2669819
2669881
2669962
2670079
2670178
2670199
2670249
2670273
2670307
2670426
2670497
2670574
2670602
2670621
2670737
2671303
2671369
2671400
2671452
2671696
2671733
2671978
2672055
2672081
2672398
2672484
2672683
2672722
2672889
2672893
2672947
2672994
2673016
2673050
2673068
2673160
2673183
2673197
2673334
2673361
2673762
2673840
2673910
2673925
2674067
2674330
2674385
2674396
2674459
2674482
2674494
2674521
2674638
2674669
2674674
2674687
2674745
2674752
2674875
2675093
2675130
2675149
2675213
2675414
2675470
2675508
2675797
2675931
2676058
2676217
2676308
2676431
2676565
2676742
2676774
2676904
2677082
2677142
2677191
2677397
2677784
2677827
2677907
2678091
2678211
2678329
2678451
2678512
2678652
2678867
2679049
2679073
2679096
2679128
2679243
2679295
2679346
2679563
2679590
2679870
2680328
2681161
2681354
2681491
2681548
2681647
2681712
2681806
2681960
2682052
2682076
2682149
2682151
2682470
2682663
2682869
2682998
2683037
2683092
2683155
2683223
2683303
2683338
2683374
2683771
2683980
2684058
2684139
2684168
2684200
2684252
2684405
2684431
2684836
2684855
2685108
2685314
2685341
2685404
2685617
2685950
2685995
2686106
2686210
2686331
2686398
2686443
2686450
2686477
2687012
2687146
2687285
2687432
2687475
2687945
2688001
2688080
2688131
2688318
2688349
2688408
2688433
2688543
2688745
2688776
2688832
2688914
2689015
2689059
2689169
2689237
2689309
2689467
2689631
2689640
2689716
2689972
2689981
2690006
2690088
2690092
2690124
2690205
2690310
2690575
2690901
2691138
2691187
2691657
2691851
2691896
2692025
2692108
2692147
2692166
2692194
2692244
2692283
2692617
2692813
2692880
2693027
2693128
2693243
2693346
2693380
2693410
2693425
2693666
2693712
2693779
2693837
2694055
2694114
2694141
2694165
2694192
2694210
2694323
2694443
2694549
2694876
2694982
2695236
2695255
2695539
2695625
2695734
2695793
2695860
2695988
2696127
2696235
2696384
2696515
2696559
2697016
2697215
2697259
2697407
2697472
2697481
2697535
2697727
2697785
2698252
2698394
2698464
2698537
2698703
2698710
2698742
2698824
2698863
2698872
2699086
2699307
2699324
2699765
