1100101
1100204
1100355
1100363
1100372
1100475
1100569
1100574
1100587
1100591
1100714
1100871
1100882
1101387
1101476
1101560
1101627
1101794
1101839
1101884
1101954
1102269
1102495
1102504
1102611
1102660
1102834
1102908
1103039
1103132
1103424
1103535
1103567
1103704
1103796
1103823
1104013
1104067
1104198
1104691
1104752
1104793
1104970
1104992
1105028
1105076
1105118
1105201
1105246
1105406
1105414
1105470
1105533
1105619
1105690
1106032
1106097
1106102
1106234
1106293
1106333
1106464
1106541
1106710
1106872
1106904
1107059
1107191
1107686
1107739
1107750
1107784
1107896
1108232
1108418
1108724
1108748
1108755
1108878
1109004
1109134
1109193
1109268
1109378
1109380
1109723
1109806
1109814
1109997
1110020
1110110
1110206
1110528
1110561
1110593
1110664
1110702
1110743
1110768
1110784
1111111
1111247
1111361
1111490
1111599
1111688
1111840
1111956
1112032
1112261
1112423
1112440
1112498
1112588
1112622
1112774
1113098
1113262
1113273
1113296
1113381
1113741
1113917
1113952
1114056
1114069
1114087
1114283
1114496
1114505
1114628
1114748
1114902
1114943
1115210
1115269
1115312
1115323
1115331
1115357
1115386
1115518
1115549
1115713
1115767
1115933
1116001
1116046
1116459
1116776
1116793
1116832
1116860
1117051
1117399
1117403
1117555
1117572
1117620
1117671
1117764
1117798
1117806
1117853
1118076
1118118
1118201
1118213
1118278
1118377
1118533
1118594
1118655
1118838
1119212
1119257
1119452
1119630
1119708
1119715
1119733
1119843
1119850
1119877
1119999
1120226
1120451
1120512
1120617
1120835
1121024
1121090
1121170
1121287
1121421
1121495
1121504
1121632
1122190
1122338
1122342
1122369
1122544
1122597
1122627
1122662
1122868
1122884
1122895
1122999
1123395
1123470
1123488
1123594
1123655
1123842
1123891
1123905
1124237
1124265
1124413
1124679
1124721
1125002
1125111
1125215
1125266
1125294
1125334
1125513
1125554
1125606
1125857
1125898
1125956
1125991
1126073
1126425
1126705
1126731
1126786
1126829
1126909
1127046
1127164
1127255
1127408
1127906
1128569
1128591
1128616
1128770
1128900
1128993
1129026
1129060
1129195
1129252
1129347
1129622
1129667
1129819
1129918
1130149
1130350
1130414
1130607
1130775
1130803
1131075
1131102
1131139
1131168
1131195
1131252
1131570
1131592
1131635
1131742
1131756
1131791
1131807
1132077
1132158
1132208
1132463
1132665
1132692
1132956
1133024
1133364
1133495
1133735
1133834
1133889
1133893
1134189
1134313
1134354
1134536
1134590
1134647
1134712
1135031
1135064
1135230
1135348
1135390
1135409
1135542
1135639
1135677
1135753
1135765
1136092
1136257
1136434
1136558
1136651
1136766
1136839
1136843
1136884
1137087
1137166
1137211
1137258
1137418
1137564
1137617
1137755
1137995
1138103
1138125
1138191
1138288
1138478
1139013
1139035
1139046
1139054
1139112
1139236
1139459
1139471
1139674
1139700
1139789
1139826
1139988
1140095
1140158
1140419
1140606
1140718
1140730
1141117
1141277
1141313
1141507
1141682
1141705
1141712
1141779
1141865
1141932
1142201
1142302
1142316
1142368
1142377
1142515
1142520
1142533
1142663
1143119
1143356
1143461
1143476
1143560
1143575
1143627
1143649
1143662
1143839
1143850
1143913
1144060
1144075
1144184
1144308
1144347
1144359
1144457
1144872
1144973
1145056
1145166
1145427
1145430
1145523
1145736
1145755
1145846
1146019
1146188
1146256
1146274
1146291
1146357
1146416
1146421
1146527
1146549
1146713
1146722
1146933
1147040
1147122
1147227
1147296
1147324
1147503
1147621
1147753
1147765
1147788
1147859
1148105
1148164
1148198
1148224
1148349
1148351
1148373
1148728
1148789
1148809
1148826
1148860
1149008
1149125
1149156
1149214
1149435
1149500
1149907
1149972
1150148
1150190
1150303
1150575
1150673
1150696
1150708
1150747
1150839
1151020
1151142
1151214
1151383
1151401
1151478
1151623
1151686
1151702
1151804
1151818
1151862
1151907
1151948
1152209
1152275
1152283
1152353
1152451
1152523
1152557
1152617
1152634
1152645
1152719
1152916
1152943
1152984
1153152
1153322
1153346
1153563
1153740
1153829
1153853
1153926
1153932
1154036
1154291
1154518
1154562
1154596
1154632
1154746
1154800
1154845
1155013
1155046
1155054
1155186
1155263
1155385
1155420
1155502
1155543
1155625
1155860
1155929
1156151
1156185
1156196
1156201
1156377
1156508
1156547
1156709
1156874
1156923
1157111
1157197
1157407
1157472
1157535
1157567
1157580
1157796
1157857
1157898
1157925
1157969
1158009
1158011
1158276
1158541
1158774
1158791
1158836
1158985
1159005
1159086
1159098
1159249
1159285
1159348
1159616
1159695
1159714
1160399
1160474
1160581
1160608
1160712
1160779
1160944
1161031
1161122
1161146
1161180
1161262
1161409
1161483
1161510
1161587
1161792
1162046
1162123
1162420
1162447
1162494
1162543
1162610
1162638
1162656
1163008
1163015
1163020
1163169
1163454
1163517
1163534
1163552
1163576
1163664
1163896
1163919
1164254
1164437
1164547
1164566
1164636
1164663
1164732
1164744
1164810
1165058
1165116
1165121
1165315
1165359
1165479
1165498
1165699
1165918
1166074
1166182
1166260
1166427
1166496
1166512
1166634
1166652
1166676
1166736
1166813
1166867
1166950
1167037
1167338
1167356
1167369
1167374
1167400
1167445
1167526
1167685
1168090
1168106
1168238
1168323
1168421
1168468
1168626
1168767
1168861
1169021
1169084
1169126
1169282
1169317
1169522
1169535
1169637
1169773
1169796
1169879
1169886
1169903
1169974
1170055
1170081
1170153
1170340
1170675
1170915
1170959
1171013
1171099
1171131
1171186
1171248
1171290
1171327
1171349
1171415
1171420
1171433
1171494
1171691
1171734
1171745
1171789
1171883
1171914
1172040
1172086
1172167
1172199
1172230
1172249
1172262
1172355
1172363
1172372
1172460
1172538
1172643
1172788
1172808
1172859
1172989
1173083
1173412
1173498
1173514
1173635
1173703
1173996
1174037
1174136
1174205
1174428
1174476
1174708
1174884
1174901
1174946
1175008
1175094
1175110
1175142
1175187
1175265
1175332
1175561
1175640
1175679
1175739
1175818
1175907
1175919
1176259
1176334
1176641
1176653
1176886
1176991
1177061
1177470
1177732
1177758
1177783
1177891
1177931
1178085
1178243
1178563
1178659
1178671
1178740
1178779
1178853
1178870
1178958
1179451
1179523
1179645
1180102
1180234
1180333
1180570
1180613
1180824
1181297
1181353
1181430
1182480
1182499
1182545
1182589
1182623
1182739
1183046
1183140
1183219
1183471
1183610
1183687
1183728
1183734
1183776
1183906
1183970
1184160
1184215
1184247
1184567
1184629
1184751
1184864
1184974
1185277
1185378
1185410
1185456
1185671
1185705
1185865
1185997
1186113
1186178
1186249
1186262
1186411
1186556
1186808
1186976
1187024
1187291
1187644
1187746
1187889
1187933
1187966
1187982
1188006
1188181
1188279
1188286
1188452
1188509
1188759
1188766
1188782
1188802
1188850
1188967
1189130
1189196
1189350
1189406
1189726
1189783
1189838
1189905
1189940
1190099
1190255
1190272
1190330
1190408
1190459
1190595
1190914
1190941
1190965
1191130
1191267
1191316
1191986
1192004
1192117
1192161
1192380
1192694
1192837
1192841
1192909
1192932
1192975
1193010
1193108
1193115
1193159
1193211
1193258
1193329
1193341
1193370
1193485
1193505
1193531
1193540
1193676
1193693
1193724
1193846
1193880
1193921
1193939
1193950
1193984
1194146
1194199
1194230
1194285
1194319
1194348
1194475
1194556
1194621
1194706
1194928
1195338
1195461
1195493
1195627
1195978
1196138
1196229
1196270
1196375
1196480
1196593
1196818
1197058
1197083
1197097
1197139
1197184
1197276
1197359
1197382
1197412
1197541
1197570
1197787
1197824
1197951
1198407
1198424
1198522
1198535
1198606
1198641
1198991
1199256
1199484
1199675
