1300163
1300434
1300509
1300715
1300794
1300980
1301033
1301125
1301288
1301375
1301383
1301454
1301517
1301534
1301576
1301743
1301885
1301919
1302056
1302232
1302370
1302564
1302645
1302676
1302854
1302878
1303189
1303399
1303403
1303456
1303474
1303487
1303731
1303764
1303798
1304192
1304439
1304518
1304876
1304947
1305035
1305099
1305157
1305466
1305691
1305875
1305929
1306017
1306034
1306076
1306093
1306196
1306321
1306343
1306492
1306797
1306810
1306979
1307197
1307266
1307653
1307692
1307925
1307938
1307942
1308060
1308116
1308139
1308245
1308308
1308382
1308457
1308506
1308570
1308836
1308848
1308855
1308927
1308930
1309005
1309101
1309510
1309569
1309684
1309753
1309934
1310021
1310084
1310183
1310197
1310208
1310300
1310490
1310641
1310938
1310991
1311030
1311176
1311239
1311474
1311487
1311647
1311798
1311853
1311983
1312076
1312619
1312887
1312957
1312964
1312979
1313053
1313155
1313369
1313428
1313558
1313560
1313597
1313747
1313868
1313913
1313946
1314075
1314083
1314405
1314412
1314440
1314553
1314742
1314769
1314791
1314985
1314996
1315069
1315074
1315147
1315194
1315496
1315707
1315835
1315995
1316129
1316141
1316238
1316287
1316421
1316439
1316504
1316713
1316780
1316800
1316893
1316920
1317064
1317113
1317218
1317273
1317355
1317650
1317677
1317695
1317894
1318140
1318263
1318281
1318970
1319206
1319214
1319292
1319589
1319664
1319721
1319972
1320075
1320097
1320102
1320177
1320320
1320347
1320498
1320592
1320769
1320881
1320973
1321159
1321194
1321211
1321260
1321370
1321392
1321418
1321689
1321801
1321921
1321943
1322125
1322229
1322332
1322397
1322500
1322657
1322851
1322919
1322924
1322936
1322972
1323067
1323099
1323330
1323349
1323362
1323385
1323539
1323550
1323577
1323700
1323717
1323858
1323875
1323953
1324016
1324126
1324175
1324317
1324345
1324352
1324641
1324653
1324749
1324898
1324974
1325027
1325176
1325221
1325322
1325507
1325536
1325581
1325620
1325731
1325829
1325888
1326363
1326475
1326677
1326684
1326989
1327048
1327114
1327340
1327357
1327527
1327697
1327701
1327780
1327852
1327920
1328029
1328070
1328190
1328240
1328338
1328342
1328391
1328428
1328434
1328651
1328662
1328673
1329104
1329130
1329173
1329547
1329726
1329797
1329803
1330067
1330494
1330539
1330700
1330728
1330929
1331034
1331173
1331235
1331267
1331302
1331508
1331533
1331571
1331582
1331672
1331783
1331810
1331874
1331998
1332096
1332100
1332243
1332301
1332378
1332410
1332474
1332647
1332659
1332829
1333120
1333258
1333283
1333388
1333449
1333531
1333540
1333564
1333600
1333977
1334098
1334251
1334381
1334602
1334765
1334808
1334815
1334866
1334917
1334934
1335155
1335264
1335325
1336187
1336229
1336253
1336292
1336360
1336435
1336743
1336750
1336981
1337177
1337703
1337756
1337787
1337973
1338126
1338300
1338352
1338424
1338546
1338692
1339081
1339106
1339114
1339141
1339269
1339312
1339357
1339379
1339450
1339530
1339889
1340004
1340062
1340073
1340145
1340161
1340322
1340367
1340469
1340615
1340671
1340712
1340786
1340829
1340853
1341249
1341503
1341525
1341616
1341650
1341714
1341976
1342263
1342327
1342415
1342521
1342568
1342595
1342789
1343047
1343169
1343253
1343288
1343435
1343454
1343517
1343561
1343589
1343716
1343739
1344185
1344213
1344222
1344368
1344377
1344533
1344619
1344636
1344760
1344783
1345184
1345245
1345320
1345333
1345394
1345553
1345622
1345635
1345678
1345699
1345855
1346226
1346260
1346283
1346337
1346736
1346781
1347037
1347088
1347279
1347391
1347400
1347434
1347558
1347673
1348114
1348256
1348713
1348893
1348994
1349016
1349021
1349247
1349294
1349419
1349463
1349567
1349629
1349751
1349785
1349898
1349987
1350015
1350174
1350237
1350360
1350561
1350657
1350698
1350702
1351043
1351050
1351109
1351233
1351455
1351580
1351762
1351812
1352026
1352121
1352150
1352359
1352382
1352423
1352537
1352553
1352565
1352996
1353057
1353122
1353319
1353426
1353574
1353847
1353866
1354038
1354120
1354211
1354634
1354867
1354968
1355055
1355287
1355386
1355549
1356459
1356539
1356610
1356761
1356875
1356906
1356941
1356965
1357073
1357128
1357152
1357519
1357958
1358173
1358201
1358343
1358377
1358709
1358957
1358986
1359163
1359264
1359452
1359493
1359526
1359630
1359662
1359766
1359946
1360101
1360122
1360227
1360249
1360348
1360381
1360475
1360483
1360510
1360668
1360677
1360684
1360706
1360820
1361006
1361088
1361119
1361257
1361369
1361400
1361417
1361509
1361583
1361715
1361766
1361816
1361980
1362323
1362340
1362364
1362398
1362443
1362484
1362660
1362754
1362780
1362845
1363247
1363294
1363317
1363501
1363513
1363718
1363823
1363910
1364080
1364140
1364157
1364186
1364198
1364248
1364318
1364408
1364482
1364844
1364858
1365000
1365196
1365213
1365321
1365414
1365582
1365681
1365709
1365744
1365760
1365905
1365912
1365923
1365998
1366044
1366382
1366440
1366646
1366680
1366699
1366787
1366824
1367008
1367033
1367169
1367446
1367500
1367593
1367768
1367907
1368171
1368283
1368297
1368418
1368531
1368707
1368854
1368880
1369049
1369322
1369367
1369410
1369474
1369548
1369705
1369723
1369983
1369997
1370003
1370087
1370133
1370392
1370531
1370736
1370790
1370880
1371007
1371048
1371106
1371153
1371340
1371527
1371549
1371551
1371573
1371644
1371722
1371861
1371966
1371982
1372190
1372286
1372428
1372558
1372583
1372696
1372759
1373104
1373151
1373162
1373515
1373566
1373619
1373672
1373690
1373758
1373775
1373783
1373803
1373923
1373931
1374138
1374206
1374253
1374270
1374288
1374292
1374375
1374383
1374467
1374480
1374500
1374534
1374698
1374716
1375002
1375111
1375183
1375266
1375271
1375361
1375436
1375490
1375546
1375567
1375578
1375599
1375665
1375670
1375704
1375886
1375969
1376313
1376491
1376647
1376865
1376909
1376926
1376997
1377046
1377219
1377327
1377539
1377638
1377883
1377897
1377965
1378113
1378135
1378146
1378167
1378525
1378538
1378639
1378643
1378677
1378737
1378833
1379044
1379060
1379678
1379710
1379787
1379930
1379973
1380127
1380302
1380488
1380515
1380571
1380582
1380655
1380681
1380732
1380744
1380874
1381228
1381333
1381405
1381423
1381440
1381553
1381592
1381654
1381756
1381824
1382002
1382068
1382233
1382300
1382424
1382606
1382688
1382718
1382831
1382864
1382898
1383312
1383632
1383644
1383754
1383852
1383908
1383971
1384239
1384277
1384487
1384548
1384633
1384682
1384757
1384853
1384958
1385113
1385204
1385355
1385372
1385381
1385409
1385677
1385765
1385808
1386065
1386212
1386286
1386544
1386708
1386771
1386901
1387038
1387087
1387108
1387182
1387505
1387598
1387645
1387652
1387781
1387790
1387916
1387943
1387950
1388033
1388110
1388142
1388517
1388528
1388612
1388623
1388631
1388686
1388924
1389255
1389396
1389471
1389687
1389700
1389745
1389752
1389832
1389965
1389988
1389992
1390048
1390188
1390312
1390364
1390379
1390450
1390585
1390735
1390893
1390933
1390994
1391013
1391105
1391219
1391248
1391543
1391776
1391826
1391844
1391906
1391929
1392296
1392363
1392381
1392542
1392639
1392737
1392833
1392847
1393083
1393479
1393529
1393553
1393667
1393703
1393738
1393855
1393949
1393996
1394065
1394279
1394310
1394325
1394509
1394526
1394922
1394935
1395015
1395138
1395142
1395156
1395229
1395253
1395311
1395344
1395397
1395478
1395576
1395589
1395679
1395972
1396021
1396095
1396109
1396126
1396132
1396197
1396220
1396271
1396501
1396718
1396762
1396857
1396864
1396898
1396942
1396974
1397017
1397034
1397213
1397302
1397343
1397350
1397377
1397395
1397406
1397672
1397726
1397758
1397810
1397940
1398018
1398073
1399159
1399232
1399260
1399404
1399473
1399496
1399579
1399598
1399689
1399724
1399748
1399822
