4300030
4300062
4300117
4300268
4300277
4300301
4300354
4300438
4300474
4300563
4300786
4300909
4301040
4301135
4301180
4301381
4301390
4301458
4301475
4301503
4301714
4301753
4301900
4301934
4302078
4302131
4302248
4302272
4302471
4302482
4302992
4303191
4303229
4303401
4303784
4304076
4304118
4304619
4304732
4304825
4305058
4305060
4305217
4305308
4305315
4305394
4305479
4305703
4305725
4305787
4305848
4305855
4305962
4306056
4306337
4306540
4306707
4306801
4306867
4306899
4307029
4307037
4307212
4307387
4308048
4308357
4308379
4308477
4308562
4308644
4308889
4308959
4309328
4309455
4309567
4309653
4309692
4309718
4310041
4310181
4310342
4310434
4310895
4310901
4310935
4310978
4311071
4311288
4311401
4311743
4312182
4312353
4312430
4312451
4312748
4312822
4312968
4313096
4313295
4313403
4313456
4313487
4313555
4313633
4313853
4313911
4313958
4314024
4314063
4314238
4314269
4314416
4314495
4314609
4314697
4314722
4314845
4315035
4315207
4315236
4315516
4315745
4315953
4316052
4316118
4316235
4316280
4316321
4316339
4316492
4316566
4316672
4316690
4316905
4316986
4317084
4317095
4317175
4317300
4317334
4317424
4317522
4317546
4317567
4317751
4317796
4317938
4317987
4318009
4318139
4318143
4318228
4318333
4318565
4318635
4318890
4318904
4319122
4319135
4319227
4319249
4319390
4319621
4319729
4320007
4320170
4320238
4320242
4320287
4320421
4320477
4320530
4320611
4320658
4320683
4320852
4320915
4321013
4321610
4321625
4321728
4321826
4321929
4322040
4322122
4322307
4322355
4322381
4322426
4322729
4322815
4322866
4323011
4323083
4323412
4323541
4323680
4323703
4323872
4324037
4324136
4324190
4324205
4324303
4324476
4324560
4324662
4324759
4324999
4325015
4325059
4325103
4325187
4325309
4325422
4325446
4325517
4325545
4325589
4325593
4325795
4325851
4325990
4326084
4326126
4326160
4326208
4326215
4326554
4326578
4326812
4326886
4326942
4326991
4327093
4327104
4327118
4327130
4327235
4327267
4327384
4327758
4327964
4328202
4328239
4328301
4328335
4328456
4328572
4328620
4328705
4328764
4328944
4329056
4329074
4329108
4329314
4329392
4329418
4329512
4329617
4329652
4329772
4329781
4329880
4329984
4330139
4330195
4330234
4330320
4330366
4330423
4330464
4330537
4330565
4330635
4331042
4331244
4331314
4331365
4331449
4331772
4331878
4331916
4331995
4332033
4332082
4332142
4332206
4332664
4332784
4332795
4332948
4333001
4333224
4333351
4333433
4333482
4333494
4333550
4333610
4333761
4333953
4333992
4334158
4334294
4334376
4334513
4335216
4335442
4335487
4335507
4335519
4335633
4335659
4335909
4335932
4336012
4336031
4336113
4336249
4336336
4336372
4336381
4336460
4336525
4336808
4336961
4337024
4337170
4337225
4337340
4337386
4337439
4337484
4337551
4337596
4337675
4337746
4337845
4337982
4338014
4338065
4338240
4338303
4338369
4338452
4338662
4338913
4339104
4339196
4339222
4339299
4339302
4339566
4339672
4339726
4339744
4339803
4339887
4339931
4340169
4340214
4340344
4340383
4340401
4340422
4340640
4340657
4340716
4340795
4340804
4340896
4341132
4341271
4341334
4341481
4341614
4341665
4341749
4341864
4341886
4342217
4342412
4342678
4342710
4342769
4342787
4342904
4342951
4342962
4343012
4343040
4343064
4343227
4343296
4343444
4343497
4343976
4344003
4344159
4344531
4344748
4344878
4345090
4345153
4345165
4345170
4345225
4345331
4345364
4345468
4345549
4345683
4345834
4345861
4345889
4346054
4346105
4346186
4346373
4346459
4346603
4346656
4346717
4346809
4347152
4347189
4347380
4347399
4347425
4347442
4347491
4347572
4347694
4347814
4347932
4348017
4348151
4348280
4348377
4348508
4348672
4348964
4349107
4349212
4349223
4349257
4349286
4349342
4349452
4349476
4349493
4349583
4349715
4349759
4349850
4350023
4350098
4350101
4350113
4350542
4350591
4350621
4350765
4350770
4350917
4350952
4351088
4351231
4351279
4351461
4351839
4352036
4352055
4352379
4352632
4352746
4352852
4352876
4352889
4352908
4353021
4353158
4353183
4353300
4353490
4353606
4353653
4353831
4353956
4354022
4354067
4354362
4354494
4354717
4354728
4354883
4354988
4354992
4355093
4355104
4355185
4355316
4355437
4355838
4355856
4355869
4355957
4356060
4356139
4356366
4356486
4356807
4356824
4356951
4356985
4357082
4357094
4357169
4357435
4357500
4357552
4357576
4357593
4357631
4357679
4357743
4357818
4357851
4357907
4357936
4358042
4358133
4358297
4358353
4358418
4358449
4358540
4358693
4359018
4359425
4359633
4359798
4359909
4359975
4360043
4360109
4360144
4360266
4360294
4360317
4360352
4360513
4360567
4360629
4361049
4361193
4361410
4361659
4361829
4361837
4362028
4362076
4362089
4362162
4362395
4362441
4362488
4362681
4362690
4362709
4362979
4363070
4363124
4363205
4363212
4363356
4363511
4363618
4363720
4363766
4363771
4363868
4364177
4364228
4364293
4364333
4364347
4364423
4364537
4364541
4364699
4364791
4364824
4364848
4364881
4364927
4365038
4365087
4365275
4365341
4365564
4365598
4365645
4365790
4366256
4366287
4366305
4366504
4366701
4366722
4366817
4366959
4367086
4367319
4367426
4367510
4367866
4367934
4368080
4368123
4368236
4368396
4368471
4368502
4368595
4368728
4368761
4368776
4368937
4368988
4369094
4369332
4369358
4369528
4369534
4369589
4369818
4369972
4369981
4370035
4370099
4370327
4370539
4370793
4370883
4371267
4371278
4371343
4371395
4371429
4371441
4371492
4371672
4371681
4371709
4372410
4372519
4372563
4372723
4372983
4373087
4373258
4373260
4373404
4373564
4374012
4374040
4374064
4374113
4374146
4374227
4374324
4374336
4374372
4374538
4374866
4374961
4375155
4375231
4375356
4375400
4375445
4375476
4375560
4375685
4375884
4376008
4376142
4376309
4376401
4376446
4376480
4376545
4376698
4376768
4376827
4376862
4377102
4377228
4377347
4377479
4377506
4377553
4377565
4377667
4377791
4377872
4378345
4378448
4378670
4378969
4379055
4379291
4379386
4379450
4379573
4379658
4379947
4379966
4380074
4380091
4380147
4380275
4380462
4380586
4380968
4381048
4381141
4381305
4381331
4381421
4381549
4381596
4381920
4381994
4382014
4382391
4382511
4382526
4382618
4382715
4382794
4382843
4383028
4383130
4383213
4383321
4383470
4383520
4383533
4383655
4383711
4383912
4384292
4384401
4384422
4384545
4384623
4384686
4384849
4384955
4384972
4384990
4385016
4385271
4385300
4385361
4385472
4385513
4385535
4385641
4385670
4385751
4385773
4385879
4386161
4386176
4386216
4386250
4386403
4386410
4386474
4386615
4386682
4386705
4386723
4386932
4387248
4387255
4387318
4387349
4387516
4387543
4387568
4387584
4387642
4387700
4387717
4387860
4388057
4388113
4388146
4388355
4388569
4388677
4388833
4388993
4389228
4389252
4389394
4389431
4389541
4389667
4390000
4390045
4390173
4390299
4390339
4390492
4390810
4390912
4391032
4391195
4391276
4391315
4391320
4391359
4391423
4391457
4391486
4391570
4391742
4391791
4391855
4391872
4392077
4392084
4392144
4392158
4392175
4392352
4392389
4392393
4392448
4392472
4392481
4392522
4393007
4393081
4393106
4393188
4393203
4393225
4393305
4393644
4393697
4393828
4393852
4393971
4394239
4394295
4394322
4394378
4394620
4394740
4394958
4394960
4394975
4395079
4395324
4395587
4395695
4395866
4395882
4395934
4396037
4396088
4396172
4396651
4396662
4396685
4396720
4396839
4396850
4396895
4396913
4396999
4397091
4397430
4397707
4397772
4397801
4397977
4397984
4398110
4398191
4398237
4398241
4398265
4398545
4398664
4398818
4398827
4398981
4399362
4399521
4399577
4399761
