5800133
5800147
5800166
5800171
5800283
5800306
5800341
5800392
5800449
5800634
5800693
5800736
5800801
5800867
5801170
5801192
5801274
5801421
5801609
5801701
5801780
5802544
5802627
5802733
5803000
5803093
5803559
5803758
5803783
5803887
5803905
5803940
5803979
5804033
5804066
5804103
5804253
5804344
5804480
5804552
5804657
5804777
5804804
5804827
5804849
5804851
5804924
5804972
5804990
5805126
5805144
5805328
5805490
5805629
5805665
5805751
5805925
5805942
5806051
5806100
5806346
5806354
5806474
5806563
5806926
5806960
5806997
5807219
5807236
5807255
5807263
5807373
5807539
5807568
5807595
5807752
5807776
5807875
5807906
5807929
5808249
5808336
5808432
5808525
5808542
5808677
5808753
5809058
5809382
5809394
5809699
5809703
5809769
5809774
5809881
5809951
5810001
5810198
5810281
5810327
5810415
5810459
5810625
5810656
5810789
5810826
5810941
5810988
5811280
5811441
5811566
5811648
5811923
5811998
5812018
5812161
5812322
5812335
5812608
5812620
5812712
5813025
5813069
5813133
5813159
5813182
5813194
5813365
5813449
5813634
5813645
5813835
5814005
5814012
5814556
5814668
5815065
5815212
5815223
5815400
5815452
5815544
5815558
5815560
5815839
5815913
5815922
5816008
5816071
5816237
5816435
5816499
5816623
5816716
5816873
5816896
5817431
5817486
5817514
5817565
5817774
5817824
5818050
5818068
5818084
5818111
5818160
5818334
5818665
5818831
5818886
5818910
5818942
5819170
5819305
5819312
5819450
5819477
5819585
5819660
5819683
5819746
5819994
5820012
5820146
5820204
5820319
5820324
5820390
5820409
5820497
5820753
5820765
5821065
5821148
5821240
5821257
5821279
5821286
5821369
5821374
5821560
5821627
5821913
5822287
5822364
5822468
5822683
5822852
5823095
5823233
5823300
5823334
5823407
5823419
5823546
5823653
5823785
5824179
5824236
5824272
5824281
5824327
5824351
5824447
5824466
5824793
5824875
5824883
5825173
5825196
5825235
5825267
5825350
5825429
5825607
5825648
5825690
5825711
5825825
5825912
5825931
5825979
5825986
5826044
5826184
5826405
5826479
5826588
5826774
5826787
5827326
5827358
5827375
5827589
5827640
5827686
5827955
5828069
5828226
5828297
5828341
5828707
5828939
5828950
5829004
5829145
5829193
5829438
5829491
5829563
5829615
5829659
5829694
5830021
5830220
5830271
5830345
5830419
5830501
5830692
5830910
5830925
5831049
5831128
5831410
5831474
5831757
5832000
5832162
5832213
5832254
5832429
5832905
5833070
5833163
5833205
5833257
5833310
5833597
5833649
5833685
5833720
5833935
5833954
5833978
5834026
5834139
5834150
5834289
5834333
5834405
5834464
5834486
5834498
5834553
5834678
5834680
5834710
5834824
5835003
5835025
5835540
5835557
5835586
5835634
5835693
5836036
5836106
5836129
5836137
5836153
5836225
5836242
5836305
5836398
5836421
5836484
5836609
5836626
5836644
5836845
5837098
5837307
5837319
5837432
5837677
5837788
5837900
5837934
5837993
5838046
5838123
5838236
5838248
5838304
5838396
5838550
5838603
5838610
5838700
5838728
5838811
5839169
5839191
5839229
5839576
5839589
5839686
5839830
5840000
5840149
5840162
5840246
5840395
5840465
5840520
5840571
5841058
5841121
5841139
5841261
5841347
5841680
5841703
5841738
5842144
5842175
5842197
5842328
5842481
5842578
5842727
5842796
5842925
5842942
5843019
5843129
5843137
5843165
5843386
5843596
5843683
5843735
5843778
5843800
5843889
5843994
5844049
5844221
5844403
5844487
5844572
5844659
5844671
5845146
5845154
5845251
5845285
5845319
5845503
5845525
5845587
5845616
5845820
5846006
5846065
5846088
5846148
5846223
5846240
5846476
5846708
5846733
5846747
5846794
5846839
5846843
5847038
5847115
5847147
5847194
5847297
5847365
5847430
5847645
5847801
5847878
5848082
5848187
5848270
5848332
5848818
5848896
5848948
5849054
5849164
5849272
5849466
5849595
5849603
5849638
5849669
5849883
5849906
5849970
5850129
5850256
5850269
5850357
5850443
5850551
5850660
5850876
5850893
5851255
5851318
5851420
5851674
5851811
5852064
5852098
5852154
5852319
5852363
5852741
5852770
5852792
5852833
5852900
5852928
5852989
5852993
5853116
5853121
5853177
5853252
5853431
5853742
5854148
5854155
5854190
5854489
5854839
5854868
5855020
5855094
5855110
5855326
5855413
5855478
5855480
5855795
5855827
5856002
5856039
5856317
5856513
5856840
5857017
5857104
5857118
5857149
5857213
5857235
5857246
5857254
5857302
5857377
5857515
5857624
5857690
5857711
5857760
5857810
5857998
5858145
5858367
5858410
5858442
5858487
5858548
5858563
5858731
5858853
5859074
5859120
5859194
5859404
5859645
5859724
5860009
5860044
5860293
5860333
5860486
5860529
5860565
5860570
5860667
5860951
5861365
5861404
5861531
5861661
5861736
5861772
5861835
5862142
5862413
5862517
5862589
5863013
5863123
5863186
5863224
5863236
5863255
5863420
5863521
5863734
5863761
5863883
5863953
5864158
5864160
5864175
5864352
5864472
5864490
5864903
5864991
5865085
5865117
5865243
5865268
5865346
5865487
5865519
5865671
5865682
5865723
5865731
5866079
5866101
5866135
5866363
5866409
5866475
5866483
5866503
5866510
5866569
5866706
5866882
5866894
5866961
5867114
5867238
5867386
5867495
5867551
5867573
5867626
5867701
5867735
5867746
5867817
5867876
5867933
5867966
5868124
5868181
5868205
5868597
5868604
5868662
5868877
5868967
5868980
5869185
5869280
5869594
5869726
5869810
5870029
5870092
5870119
5870802
5871015
5871326
5871360
5871375
5871383
5871467
5871631
5871750
5871830
5872069
5872462
5872485
5872557
5872676
5872781
5873313
5873456
5873524
5873615
5873705
5873740
5873983
5873997
5874090
5874114
5874495
5874658
5875349
5875459
5875521
5875568
5875844
5876045
5876196
5876441
5876453
5876690
5876726
5876760
5876838
5876842
5876979
5877050
5877175
5877215
5877334
5877389
5877637
5877840
5877956
5878009
5878044
5878195
5878315
5878537
5878592
5878738
5878807
5879064
5879167
5879230
5879324
5879336
5879355
5879525
5879538
5879788
5879815
5879859
5879993
5880367
5880469
5880620
5880705
5880837
5881101
5881285
5881348
5881525
5881602
5881639
5881765
5881882
5881928
5882013
5882099
5882105
5882272
5882304
5882385
5882447
5882466
5882539
5882584
5882638
5882691
5882826
5882883
5883292
5883360
5883422
5883589
5883721
5883768
5883795
5883849
5884118
5884173
5884406
5884441
5884453
5884515
5884571
5884825
5884856
5885009
5885097
5885102
5885121
5885200
5885479
5885635
5885836
5886003
5886166
5886244
5886329
5886451
5886485
5886540
5886835
5887041
5887088
5887136
5887148
5887205
5887279
5887476
5887673
5887771
5887935
5888048
5888331
5888398
5888402
5888551
5888658
5888701
5888767
5889021
5889068
5889144
5889448
5889490
5889578
5889688
5889692
5889840
5889879
5889938
5890593
5890955
5890972
5891266
5891334
5891513
5891578
5891974
5892121
5892150
5892252
5892320
5892405
5892431
5892537
5892565
5892570
5892807
5892824
5892904
5892930
5892985
5893167
5893178
5893355
5893483
5893788
5894074
5894147
5894337
5894388
5894418
5894540
5894689
5894755
5894813
5894943
5895019
5895063
5895609
5895713
5895800
5895959
5896054
5896099
5896123
5896207
5896255
5896304
5896433
5896550
5896761
5897004
5897100
5897399
5897425
5897474
5897581
5897659
5897671
5897740
5898045
5898061
5898089
5898127
5898149
5898151
5898185
5898316
5898437
5898453
5898636
5898681
5898744
5898869
5898912
5898986
5899119
5899231
5899391
5899493
5899509
5899618
5899627
5899630
5899651
5899673
5899935
