1000011
1000083
1000139
1000261
1000347
1000394
1000514
1000537
1000635
1000791
1000996
1001074
1001115
1001159
1001329
1001337
1001523
1001598
1001634
1001645
1001977
1002229
1002241
1002545
1002561
1002612
1002664
1002924
1003318
1003385
1003674
1003860
1003965
1004084
1004376
1004436
1004641
1004785
1004879
1005096
1005216
1005221
1005442
1005456
1005469
1005487
1005647
1005666
1005723
1005786
1005798
1005865
1005892
1005926
1006569
1006587
1006706
1006934
1007081
1007153
1007323
1007340
1007398
1007609
1007767
1007800
1007876
1007908
1007947
1007994
1008356
1008391
1008782
1008980
1009104
1009196
1009213
1009246
1009278
1009566
1009594
1009663
1009744
1009760
1009825
1010019
1010036
1010063
1010114
1010129
1010225
1010357
1010439
1010477
1010611
1010658
1010722
1010746
1010893
1010908
1010994
1011198
1011219
1011290
1011318
1011550
1011610
1011642
1011809
1011953
1012146
1012180
1012230
1012363
1012381
1012525
1012569
1012621
1012753
1012765
1012945
1013032
1013097
1013150
1013184
1013261
1013431
1013479
1013498
1013514
1013541
1013592
1013699
1013774
1013787
1013819
1013824
1013881
1014065
1014374
1014428
1014662
1014782
1014978
1014980
1015241
1015500
1015545
1015702
1015750
1015924
1015981
1016175
1016215
1016233
1016247
1016481
1016567
1016580
1016692
1016718
1016749
1016773
1016805
1016886
1017000
1017201
1017316
1017690
1017783
1017869
1018193
1018250
1018487
1018633
1018740
1018798
1019042
1019171
1019275
1019365
1019462
1019540
1019557
1019772
1019968
1020070
1020119
1020205
1020223
1020231
1020257
1020279
1020356
1020400
1020461
1020544
1020618
1020747
1020877
1020935
1021033
1021229
1021241
1021375
1021576
1021885
1022091
1022115
1022388
1022404
1022427
1022449
1022512
1022531
1022586
1022707
1022748
1022755
1022772
1022813
1023085
1023096
1023134
1023152
1023189
1023193
1023301
1023367
1023399
1023410
1023425
1023581
1023983
1024019
1024036
1024048
1024225
1024484
1024530
1024683
1024778
1024780
1024966
1025105
1025140
1025373
1025420
1025502
1025539
1025577
1025584
1025610
1025826
1025941
1025988
1026034
1026045
1026441
1026547
1026624
1026709
1027215
1027247
1027606
1027614
1027637
1027670
1027898
1027956
1027969
1028234
1028315
1028366
1028622
1028680
1028710
1029167
1029180
1029542
1029643
1029866
1030004
1030062
1030085
1030152
1030176
1030268
1030491
1030555
1030581
1030806
1030911
1031372
1031542
1031668
1031714
1031945
1031989
1032022
1032035
1032248
1032281
1032396
1032408
1032471
1032494
1032539
1032625
1032761
1032858
1032965
1033015
1033047
1033094
1033103
1033191
1033253
1033375
1033401
1033435
1033517
1033605
1033631
1033716
1033784
1033948
1034028
1034034
1034280
1034384
1034465
1034520
1034566
1034690
1034797
1034810
1035083
1035139
1035308
1035366
1035537
1035553
1035710
1035881
1035890
1036010
1036025
1036042
1036087
1036211
1036275
1036306
1036404
1036540
1036661
1036676
1036724
1036790
1036846
1036878
1036939
1036943
1037029
1037070
1037119
1037231
1037310
1037489
1037627
1037685
1037802
1037895
1038019
1038114
1038225
1038256
1038518
1038530
1038632
1038780
1038915
1039050
1039132
1039158
1039183
1039220
1039317
1039407
1039463
1039522
1039599
1039606
1039688
1039823
1039879
1039925
1039987
1040013
1040046
1040131
1040198
1040248
1040415
1040494
1040584
1040610
1040625
1040674
1040883
1041395
1041429
1041492
1041547
1041559
1041624
1041672
1041998
1042018
1042085
1042096
1042354
1042378
1042438
1042563
1042615
1042712
1042740
1042806
1042814
1042997
1043025
1043038
1043115
1043120
1043171
1043194
1043404
1043451
1043485
1043598
1043763
1044023
1044101
1044122
1044204
1044390
1044409
1044426
1044475
1044591
1044643
1044650
1044765
1044900
1044961
1045212
1045286
1045630
1045708
1045954
1046059
1046094
1046174
1046187
1046237
1046265
1046292
1046375
1046716
1046795
1046818
1046885
1046919
1047058
1047083
1047116
1047195
1047252
1047320
1047359
1047423
1047464
1047553
1047592
1047635
1047725
1047774
1047904
1047927
1048109
1048393
1048448
1048614
1048670
1048840
1049048
1049106
1049379
1049443
1049611
1049632
1049701
1049845
1050038
1050108
1050166
1050211
1050297
1050365
1050430
1050707
1050763
1050772
1050854
1050939
1051274
1051658
1051746
1051915
1052006
1052088
1052148
1052279
1052604
1052649
1052673
1052708
1052720
1053061
1053149
1053173
1053235
1053278
1053566
1053648
1053726
1053744
1053758
1053797
1053803
1054103
1054206
1054214
1054237
1054311
1054397
1054467
1054605
1054657
1054818
1054851
1054924
1054972
1055050
1055158
1055175
1055490
1055665
1055886
1055903
1055987
1056189
1056367
1056380
1056403
1056438
1056474
1056694
1056837
1056932
1057067
1057349
1057433
1057543
1057625
1057691
1057858
1057914
1058040
1058273
1058336
1058483
1058503
1058542
1058737
1058770
1058833
1058882
1058989
1059058
1059060
1059177
1059195
1059234
1059293
1059315
1059412
1059613
1059807
1059863
1060118
1060185
1060278
1060368
1060470
1060533
1060663
1060783
1061011
1061060
1061184
1061245
1061412
1061588
1061667
1061791
1061824
1061949
1061973
1062002
1062111
1062215
1062233
1062472
1062554
1062653
1062670
1062688
1062879
1062956
1062969
1063106
1063225
1063287
1063305
1063357
1063562
1063611
1063754
1063889
1063920
1063933
1064161
1064216
1064295
1064410
1064425
1064442
1064456
1064572
1064590
1064723
1064731
1064757
1064798
1064829
1064870
1064888
1064926
1064997
1065057
1065113
1065154
1065262
1065409
1065483
1065525
1065602
1065684
1065706
1065737
1065934
1066070
1066136
1066148
1066205
1066257
1066445
1066511
1066544
1066651
1066747
1066802
1066913
1066999
1067159
1067297
1067388
1067418
1067430
1067451
1067531
1067921
1067995
1068103
1068142
1068169
1068253
1068467
1068593
1068702
1068851
1068896
1068990
1069067
1069123
1069248
1069539
1069550
1069669
1069687
1069988
1070015
1070066
1070138
1070241
1070360
1070664
1070784
1071436
1071455
1071472
1071857
1071938
1072009
1072276
1072457
1072486
1072601
1072930
1073064
1073167
1073178
1073307
1073695
1073729
1073882
1073989
1074025
1074038
1074108
1074120
1074147
1074166
1074283
1074462
1074512
1074564
1074801
1074835
1074880
1075165
1075379
1075495
1075626
1075675
1075701
1075780
1075861
1075876
1075959
1076318
1076471
1076502
1076610
1077062
1077145
1077161
1077176
1077189
1077239
1077301
1077469
1077608
1077620
1077671
1077853
1078028
1078196
1078429
1078508
1078582
1078672
1078803
1079014
1079029
1079286
1079387
1079400
1079428
1079452
1079558
1079759
1079794
1079821
1079850
1079868
1079946
1080023
1080064
1080079
1080460
1080503
1080510
1080569
1080684
1080706
1080737
1080765
1080792
1080820
1080928
1081065
1081136
1081212
1081231
1081298
1081325
1081400
1081575
1081618
1081651
1081696
1082007
1082081
1082137
1082238
1082450
1082530
1082611
1082626
1082780
1082982
1083126
1083424
1083513
1083823
1083840
1084022
1084272
1084385
1084408
1084543
1084568
1084610
1084687
1084728
1084734
1085045
1085104
1085196
1085267
1085339
1085343
1085377
1085395
1085488
1085566
1085624
1085732
1085887
1085998
1086009
1086060
1086143
1086150
1086703
1086927
1086973
1087214
1087237
1087270
1087358
1087397
1087534
1087605
1087679
1087948
1088025
1088147
1088341
1088365
1088418
1088451
1088652
1088846
1088867
1088899
1088950
1089202
1089284
1089335
1089425
1089555
1089615
1089633
1090158
1090197
1090220
1090294
1090334
1090345
1090393
1090546
1090578
1090641
1090688
1091152
1091216
1091410
1091712
1091740
1091779
1091960
1092028
1092061
1092089
1092127
1092151
1092185
1092201
1092267
1092368
1092465
1092508
1092559
1092566
1092582
1092672
1092923
1092940
1092986
1093070
1093205
1093223
1093511
1093526
1093532
1093597
1094097
1094245
1094371
1094537
1094592
1094613
1094738
1094863
1094927
1094985
1095069
1095108
1095306
1095365
1095388
1095392
1095427
1095531
1095634
1095736
1095772
1095921
1095943
1096019
1096141
1096203
1096238
1096269
1096323
1096340
1096477
1096609
1096697
1097079
1097249
1097355
1097643
1097729
1097833
1097900
1098001
1098272
1098290
1098373
1098396
1098674
1098860
1098897
1098988
1099008
1099015
1099094
1099187
1099311
1099344
1099397
1099467
1099576
1099605
1099777
1099849
